{"name": "bipartite-graph-5-5", "nodes": [{"index": 0, "id": "0", "x": 10.0, "y": 311.71652760250925}, {"index": 1, "id": "1", "x": 295.527539947595, "y": 439.99999999999994}, {"index": 2, "id": "2", "x": 420.7748352582704, "y": 73.31292084690435}, {"index": 3, "id": "3", "x": 117.65378633329118, "y": 430.06712998381386}, {"index": 4, "id": "4", "x": 261.0064335202807, "y": 10.0}, {"index": 5, "id": "5", "x": 356.7547817252093, "y": 225.65291122061143}, {"index": 6, "id": "6", "x": 218.0941332535581, "y": 288.1938540885842}, {"index": 7, "id": "7", "x": 25.363378483273124, "y": 137.9887029039727}, {"index": 8, "id": "8", "x": 156.48756993524023, "y": 162.85584124605973}, {"index": 9, "id": "9", "x": 440.0, "y": 324.40529315845754}], "edges": [{"source": "0", "target": "5"}, {"source": "0", "target": "6"}, {"source": "0", "target": "7"}, {"source": "0", "target": "8"}, {"source": "0", "target": "9"}, {"source": "1", "target": "5"}, {"source": "1", "target": "6"}, {"source": "1", "target": "7"}, {"source": "1", "target": "8"}, {"source": "1", "target": "9"}, {"source": "2", "target": "5"}, {"source": "2", "target": "6"}, {"source": "2", "target": "7"}, {"source": "2", "target": "8"}, {"source": "2", "target": "9"}, {"source": "3", "target": "5"}, {"source": "3", "target": "6"}, {"source": "3", "target": "7"}, {"source": "3", "target": "8"}, {"source": "3", "target": "9"}, {"source": "4", "target": "5"}, {"source": "4", "target": "6"}, {"source": "4", "target": "7"}, {"source": "4", "target": "8"}, {"source": "4", "target": "9"}], "weight": [[1.0, 0.25, 0.25, 0.25, 0.25, 1.0, 1.0, 1.0, 1.0, 1.0], [0.25, 1.0, 0.25, 0.25, 0.25, 1.0, 1.0, 1.0, 1.0, 1.0], [0.25, 0.25, 1.0, 0.25, 0.25, 1.0, 1.0, 1.0, 1.0, 1.0], [0.25, 0.25, 0.25, 1.0, 0.25, 1.0, 1.0, 1.0, 1.0, 1.0], [0.25, 0.25, 0.25, 0.25, 1.0, 1.0, 1.0, 1.0, 1.0, 1.0], [1.0, 1.0, 1.0, 1.0, 1.0, 1.0, 0.25, 0.25, 0.25, 0.25], [1.0, 1.0, 1.0, 1.0, 1.0, 0.25, 1.0, 0.25, 0.25, 0.25], [1.0, 1.0, 1.0, 1.0, 1.0, 0.25, 0.25, 1.0, 0.25, 0.25], [1.0, 1.0, 1.0, 1.0, 1.0, 0.25, 0.25, 0.25, 1.0, 0.25], [1.0, 1.0, 1.0, 1.0, 1.0, 0.25, 0.25, 0.25, 0.25, 1.0]], "shortestPath": [[0.0, 2.0, 2.0, 2.0, 2.0, 1.0, 1.0, 1.0, 1.0, 1.0], [2.0, 0.0, 2.0, 2.0, 2.0, 1.0, 1.0, 1.0, 1.0, 1.0], [2.0, 2.0, 0.0, 2.0, 2.0, 1.0, 1.0, 1.0, 1.0, 1.0], [2.0, 2.0, 2.0, 0.0, 2.0, 1.0, 1.0, 1.0, 1.0, 1.0], [2.0, 2.0, 2.0, 2.0, 0.0, 1.0, 1.0, 1.0, 1.0, 1.0], [1.0, 1.0, 1.0, 1.0, 1.0, 0.0, 2.0, 2.0, 2.0, 2.0], [1.0, 1.0, 1.0, 1.0, 1.0, 2.0, 0.0, 2.0, 2.0, 2.0], [1.0, 1.0, 1.0, 1.0, 1.0, 2.0, 2.0, 0.0, 2.0, 2.0], [1.0, 1.0, 1.0, 1.0, 1.0, 2.0, 2.0, 2.0, 0.0, 2.0], [1.0, 1.0, 1.0, 1.0, 1.0, 2.0, 2.0, 2.0, 2.0, 0.0]], "euclideanDistance": [[0.0, 1.208688416269541, 1.8581407583826948, 0.653783934311233, 1.6137140340952634, 1.355366992391843, 0.7885226694573746, 0.7561704101031698, 0.8487165461997177, 1.6166068088208116], [1.208688416269541, 0.0, 1.6595143494254088, 0.6697260900277534, 1.870665269204201, 0.958272251125338, 0.7202087710958222, 1.657824913160681, 1.3113395189856796, 0.7391516364432514], [1.8581407583826948, 1.6595143494254088, 0.0, 1.9220711987951768, 0.6602050242185544, 0.7035425823566485, 1.204005632603993, 1.5119886807572982, 1.0663558310289523, 1.0921108659466003], [0.653783934311233, 0.6697260900277534, 1.9220711987951768, 0.0, 1.9009605789353992, 1.262585960857408, 0.7221722124272008, 1.3141713981756398, 1.1688174836472747, 1.295075996231383], [1.6137140340952634, 1.870665269204201, 0.6602050242185544, 1.9009605789353992, 0.0, 1.002679214978049, 1.218056243031041, 1.0452105824586473, 0.7709088140046476, 1.5212346061998931], [1.355366992391843, 0.958272251125338, 0.7035425823566485, 1.262585960857408, 1.002679214978049, 0.0, 0.5874608408829198, 1.3019865131703376, 0.8003108987790485, 0.5305763875178812], [0.7885226694573746, 0.7202087710958222, 1.204005632603993, 0.7221722124272008, 1.218056243031041, 0.5874608408829198, 0.0, 0.9743472993197754, 0.5911604383915707, 0.8484634913892681], [0.7561704101031698, 1.657824913160681, 1.5119886807572982, 1.3141713981756398, 1.0452105824586473, 1.3019865131703376, 0.9743472993197754, 0.0, 0.5043634631457266, 1.7554823443109449], [0.8487165461997177, 1.3113395189856796, 1.0663558310289523, 1.1688174836472747, 0.7709088140046476, 0.8003108987790485, 0.5911604383915707, 0.5043634631457266, 0.0, 1.2752790899457722], [1.6166068088208116, 0.7391516364432514, 1.0921108659466003, 1.295075996231383, 1.5212346061998931, 0.5305763875178812, 0.8484634913892681, 1.7554823443109449, 1.2752790899457722, 0.0]]}