{"name": "bipartite-graph-3-3", "nodes": [{"index": 0, "id": "0", "x": 164.3793379445319, "y": 440.00000000000006}, {"index": 1, "id": "1", "x": 440.0, "y": 10.0}, {"index": 2, "id": "2", "x": 10.0, "y": 284.2597474668153}, {"index": 3, "id": "3", "x": 412.265673620653, "y": 374.31877897303923}, {"index": 4, "id": "4", "x": 72.8425968156335, "y": 40.73881834509655}, {"index": 5, "id": "5", "x": 271.6844832720836, "y": 181.0045920007854}], "edges": [{"source": "0", "target": "3"}, {"source": "0", "target": "4"}, {"source": "0", "target": "5"}, {"source": "1", "target": "3"}, {"source": "1", "target": "4"}, {"source": "1", "target": "5"}, {"source": "2", "target": "3"}, {"source": "2", "target": "4"}, {"source": "2", "target": "5"}], "weight": [[1.0, 0.25, 0.25, 1.0, 1.0, 1.0], [0.25, 1.0, 0.25, 1.0, 1.0, 1.0], [0.25, 0.25, 1.0, 1.0, 1.0, 1.0], [1.0, 1.0, 1.0, 1.0, 0.25, 0.25], [1.0, 1.0, 1.0, 0.25, 1.0, 0.25], [1.0, 1.0, 1.0, 0.25, 0.25, 1.0]], "shortestPath": [[0.0, 2.0, 2.0, 1.0, 1.0, 1.0], [2.0, 0.0, 2.0, 1.0, 1.0, 1.0], [2.0, 2.0, 0.0, 1.0, 1.0, 1.0], [1.0, 1.0, 1.0, 0.0, 2.0, 2.0], [1.0, 1.0, 1.0, 2.0, 0.0, 2.0], [1.0, 1.0, 1.0, 2.0, 2.0, 0.0]], "euclideanDistance": [[0.0, 2.3320416166771856, 0.9988834136636463, 1.1621279477444835, 1.8755045358541793, 1.2821696608790032], [2.3320416166771856, 0.0, 2.3173498475690257, 1.673764132202757, 1.6685413450017514, 1.0930059406327266], [0.9988834136636463, 2.3173498475690257, 0.0, 1.8677087843342717, 1.1513581032081084, 1.2759077718062237], [1.1621279477444835, 1.673764132202757, 1.8677087843342717, 0.0, 2.16744832092959, 1.0906787140270948], [1.8755045358541793, 1.6685413450017514, 1.1513581032081084, 2.16744832092959, 0.0, 1.1061954101732439], [1.2821696608790032, 1.0930059406327266, 1.2759077718062237, 1.0906787140270948, 1.1061954101732439, 0.0]]}