{"name": "bipartite-graph-5-5", "nodes": [{"index": 0, "id": "0", "x": 461.29635556128835, "y": 133.4548407754935}, {"index": 1, "id": "1", "x": 10.0, "y": 219.74323425948162}, {"index": 2, "id": "2", "x": 30.261939054802127, "y": 383.5598721772733}, {"index": 3, "id": "3", "x": 330.21518587324476, "y": 216.5124727279699}, {"index": 4, "id": "4", "x": 490.0, "y": 298.5242099114251}, {"index": 5, "id": "5", "x": 372.6970112235795, "y": 462.7618800987547}, {"index": 6, "id": "6", "x": 231.92634645696936, "y": 490.0}, {"index": 7, "id": "7", "x": 279.05660331839, "y": 10.0}, {"index": 8, "id": "8", "x": 141.55710760280397, "y": 55.611850307145204}, {"index": 9, "id": "9", "x": 195.7050364244585, "y": 303.0116691581361}], "edges": [{"source": "0", "target": "5"}, {"source": "0", "target": "6"}, {"source": "0", "target": "7"}, {"source": "0", "target": "8"}, {"source": "0", "target": "9"}, {"source": "1", "target": "5"}, {"source": "1", "target": "6"}, {"source": "1", "target": "7"}, {"source": "1", "target": "8"}, {"source": "1", "target": "9"}, {"source": "2", "target": "5"}, {"source": "2", "target": "6"}, {"source": "2", "target": "7"}, {"source": "2", "target": "8"}, {"source": "2", "target": "9"}, {"source": "3", "target": "5"}, {"source": "3", "target": "6"}, {"source": "3", "target": "7"}, {"source": "3", "target": "8"}, {"source": "3", "target": "9"}, {"source": "4", "target": "5"}, {"source": "4", "target": "6"}, {"source": "4", "target": "7"}, {"source": "4", "target": "8"}, {"source": "4", "target": "9"}], "weight": [[1.0, 0.25, 0.25, 0.25, 0.25, 1.0, 1.0, 1.0, 1.0, 1.0], [0.25, 1.0, 0.25, 0.25, 0.25, 1.0, 1.0, 1.0, 1.0, 1.0], [0.25, 0.25, 1.0, 0.25, 0.25, 1.0, 1.0, 1.0, 1.0, 1.0], [0.25, 0.25, 0.25, 1.0, 0.25, 1.0, 1.0, 1.0, 1.0, 1.0], [0.25, 0.25, 0.25, 0.25, 1.0, 1.0, 1.0, 1.0, 1.0, 1.0], [1.0, 1.0, 1.0, 1.0, 1.0, 1.0, 0.25, 0.25, 0.25, 0.25], [1.0, 1.0, 1.0, 1.0, 1.0, 0.25, 1.0, 0.25, 0.25, 0.25], [1.0, 1.0, 1.0, 1.0, 1.0, 0.25, 0.25, 1.0, 0.25, 0.25], [1.0, 1.0, 1.0, 1.0, 1.0, 0.25, 0.25, 0.25, 1.0, 0.25], [1.0, 1.0, 1.0, 1.0, 1.0, 0.25, 0.25, 0.25, 0.25, 1.0]], "shortestPath": [[0.0, 2.0, 2.0, 2.0, 2.0, 1.0, 1.0, 1.0, 1.0, 1.0], [2.0, 0.0, 2.0, 2.0, 2.0, 1.0, 1.0, 1.0, 1.0, 1.0], [2.0, 2.0, 0.0, 2.0, 2.0, 1.0, 1.0, 1.0, 1.0, 1.0], [2.0, 2.0, 2.0, 0.0, 2.0, 1.0, 1.0, 1.0, 1.0, 1.0], [2.0, 2.0, 2.0, 2.0, 0.0, 1.0, 1.0, 1.0, 1.0, 1.0], [1.0, 1.0, 1.0, 1.0, 1.0, 0.0, 2.0, 2.0, 2.0, 2.0], [1.0, 1.0, 1.0, 1.0, 1.0, 2.0, 0.0, 2.0, 2.0, 2.0], [1.0, 1.0, 1.0, 1.0, 1.0, 2.0, 2.0, 0.0, 2.0, 2.0], [1.0, 1.0, 1.0, 1.0, 1.0, 2.0, 2.0, 2.0, 0.0, 2.0], [1.0, 1.0, 1.0, 1.0, 1.0, 2.0, 2.0, 2.0, 2.0, 0.0]], "euclideanDistance": [[0.0, 1.8800115139246572, 2.0325432595143376, 0.6325967615135945, 0.6760480984037405, 1.3767963489461843, 1.717442159009336, 0.8969496456265305, 1.3460752320891207, 1.284459028894649], [1.8800115139246572, 0.0, 0.6658915679661628, 1.3109631204005892, 1.9905491808634646, 1.7791407763807323, 1.418982889049083, 1.3888244451808915, 0.8533855186854739, 0.8311150801423397], [2.0325432595143376, 0.6658915679661628, 0.0, 1.4006357018491773, 1.913071370895455, 1.4377962253619547, 0.9305197452811511, 1.8186104151284432, 1.398953624013383, 0.7511741069117436], [0.6325967615135945, 1.3109631204005892, 1.4006357018491773, 0.0, 0.7330018455375927, 1.0082844931964956, 1.1741294530148545, 0.8588331467034322, 1.0087720516502956, 0.6518693863199092], [0.6760480984037405, 1.9905491808634646, 1.913071370895455, 0.7330018455375927, 0.0, 0.8181594260259638, 1.3086573602197713, 1.4490956349031563, 1.7304967157102358, 1.2049219758608223], [1.3767963489461843, 1.7791407763807323, 1.4377962253619547, 1.0082844931964956, 0.8181594260259638, 0.0, 0.5866650466489051, 1.865882298975885, 1.895236425936036, 0.9696032845144529], [1.717442159009336, 1.418982889049083, 0.9305197452811511, 1.1741294530148545, 1.3086573602197713, 0.5866650466489051, 0.0, 1.9455262039719907, 1.7906081945770542, 0.7686005198875662], [0.8969496456265305, 1.3888244451808915, 1.8186104151284432, 0.8588331467034322, 1.4490956349031563, 1.865882298975885, 1.9455262039719907, 0.0, 0.5921941009246707, 1.2300507680153545], [1.3460752320891207, 0.8533855186854739, 1.398953624013383, 1.0087720516502956, 1.7304967157102358, 1.895236425936036, 1.7906081945770542, 0.5921941009246707, 0.0, 1.0221389495750595], [1.284459028894649, 0.8311150801423397, 0.7511741069117436, 0.6518693863199092, 1.2049219758608223, 0.9696032845144529, 0.7686005198875662, 1.2300507680153545, 1.0221389495750595, 0.0]]}