{"name": "bipartite-graph-3-3", "nodes": [{"index": 0, "id": "0", "x": 222.29795296361323, "y": 10.0}, {"index": 1, "id": "1", "x": 229.4384424393715, "y": 227.16450558925143}, {"index": 2, "id": "2", "x": 188.62087353879505, "y": 440.0}, {"index": 3, "id": "3", "x": 10.0, "y": 308.89399952157515}, {"index": 4, "id": "4", "x": 25.803767680817373, "y": 107.3779709310727}, {"index": 5, "id": "5", "x": 440.0, "y": 246.08734979574047}], "edges": [{"source": "0", "target": "3"}, {"source": "0", "target": "4"}, {"source": "0", "target": "5"}, {"source": "1", "target": "3"}, {"source": "1", "target": "4"}, {"source": "1", "target": "5"}, {"source": "2", "target": "3"}, {"source": "2", "target": "4"}, {"source": "2", "target": "5"}], "weight": [[1.0, 0.25, 0.25, 1.0, 1.0, 1.0], [0.25, 1.0, 0.25, 1.0, 1.0, 1.0], [0.25, 0.25, 1.0, 1.0, 1.0, 1.0], [1.0, 1.0, 1.0, 1.0, 0.25, 0.25], [1.0, 1.0, 1.0, 0.25, 1.0, 0.25], [1.0, 1.0, 1.0, 0.25, 0.25, 1.0]], "shortestPath": [[0.0, 2.0, 2.0, 1.0, 1.0, 1.0], [2.0, 0.0, 2.0, 1.0, 1.0, 1.0], [2.0, 2.0, 0.0, 1.0, 1.0, 1.0], [1.0, 1.0, 1.0, 0.0, 2.0, 2.0], [1.0, 1.0, 1.0, 2.0, 0.0, 2.0], [1.0, 1.0, 1.0, 2.0, 2.0, 0.0]], "euclideanDistance": [[0.0, 0.7984806121270138, 1.585617977120493, 1.3802233777423782, 0.8524192797383009, 1.2195717726269972], [0.7984806121270138, 0.0, 0.7984209598983493, 0.9147276705206948, 0.9146698346489422, 0.8319808471040402], [1.585617977120493, 0.7984209598983493, 0.0, 0.8524846086408813, 1.3801661842288262, 1.2195888871191687], [1.3802233777423782, 0.9147276705206948, 0.8524846086408813, 0.0, 0.7430940746730405, 1.708749322600261], [0.8524192797383009, 0.9146698346489422, 1.3801661842288262, 0.7430940746730405, 0.0, 1.7086589268670576], [1.2195717726269972, 0.8319808471040402, 1.2195888871191687, 1.708749322600261, 1.7086589268670576, 0.0]]}