{"name": "bipartite-graph-3-3", "nodes": [{"index": 0, "id": "0", "x": 198.3600033109881, "y": 490.0}, {"index": 1, "id": "1", "x": 10.000000000000028, "y": 329.5488866793285}, {"index": 2, "id": "2", "x": 490.0, "y": 10.0}, {"index": 3, "id": "3", "x": 72.49959243820066, "y": 58.103237057584806}, {"index": 4, "id": "4", "x": 300.6026656675218, "y": 203.15116092556593}, {"index": 5, "id": "5", "x": 476.3657414975121, "y": 407.52337424401156}], "edges": [{"source": "0", "target": "3"}, {"source": "0", "target": "4"}, {"source": "0", "target": "5"}, {"source": "1", "target": "3"}, {"source": "1", "target": "4"}, {"source": "1", "target": "5"}, {"source": "2", "target": "3"}, {"source": "2", "target": "4"}, {"source": "2", "target": "5"}], "weight": [[1.0, 0.25, 0.25, 1.0, 1.0, 1.0], [0.25, 1.0, 0.25, 1.0, 1.0, 1.0], [0.25, 0.25, 1.0, 1.0, 1.0, 1.0], [1.0, 1.0, 1.0, 1.0, 0.25, 0.25], [1.0, 1.0, 1.0, 0.25, 1.0, 0.25], [1.0, 1.0, 1.0, 0.25, 0.25, 1.0]], "shortestPath": [[0.0, 2.0, 2.0, 1.0, 1.0, 1.0], [2.0, 0.0, 2.0, 1.0, 1.0, 1.0], [2.0, 2.0, 0.0, 1.0, 1.0, 1.0], [1.0, 1.0, 1.0, 0.0, 2.0, 2.0], [1.0, 1.0, 1.0, 2.0, 0.0, 2.0], [1.0, 1.0, 1.0, 2.0, 2.0, 0.0]], "euclideanDistance": [[0.0, 0.9986421575625, 2.3048860253693477, 1.8647018198658716, 1.2600201388689052, 1.1484356901133776], [0.9986421575625, 0.0, 2.3128308905242365, 1.1562658420701801, 1.260602204410487, 1.8669019086406984], [2.3048860253693477, 2.3128308905242365, 0.0, 1.6579777504264852, 1.097111373878462, 1.6552977242699531], [1.8647018198658716, 1.1562658420701801, 1.6579777504264852, 0.0, 1.083050827502684, 2.1562826016389103], [1.2600201388689052, 1.260602204410487, 1.097111373878462, 1.083050827502684, 0.0, 1.0970614659176263], [1.1484356901133776, 1.8669019086406984, 1.6552977242699531, 2.1562826016389103, 1.0970614659176263, 0.0]]}