{"name": "cycle-10", "nodes": [{"index": 0, "id": "0", "x": 362.12202284627756, "y": 387.57988277376893}, {"index": 1, "id": "1", "x": 440.0, "y": 274.4125445978199}, {"index": 2, "id": "2", "x": 437.44243504224545, "y": 141.22745702858248}, {"index": 3, "id": "3", "x": 351.5509581821825, "y": 38.11537634385593}, {"index": 4, "id": "4", "x": 216.82356549544792, "y": 10.0}, {"index": 5, "id": "5", "x": 87.29612244629348, "y": 62.87044928306065}, {"index": 6, "id": "6", "x": 10.0, "y": 175.11813573913668}, {"index": 7, "id": "7", "x": 13.936500618373827, "y": 309.0376762209533}, {"index": 8, "id": "8", "x": 99.62869560518288, "y": 410.78522673750257}, {"index": 9, "id": "9", "x": 234.2214236827586, "y": 440.0}], "edges": [{"source": "0", "target": "1"}, {"source": "0", "target": "9"}, {"source": "1", "target": "2"}, {"source": "2", "target": "3"}, {"source": "3", "target": "4"}, {"source": "4", "target": "5"}, {"source": "5", "target": "6"}, {"source": "6", "target": "7"}, {"source": "7", "target": "8"}, {"source": "8", "target": "9"}], "weight": [[1.0, 1.0, 0.25, 0.1111111119389534, 0.0625, 0.03999999910593033, 0.0625, 0.1111111119389534, 0.25, 1.0], [1.0, 1.0, 1.0, 0.25, 0.1111111119389534, 0.0625, 0.03999999910593033, 0.0625, 0.1111111119389534, 0.25], [0.25, 1.0, 1.0, 1.0, 0.25, 0.1111111119389534, 0.0625, 0.03999999910593033, 0.0625, 0.1111111119389534], [0.1111111119389534, 0.25, 1.0, 1.0, 1.0, 0.25, 0.1111111119389534, 0.0625, 0.03999999910593033, 0.0625], [0.0625, 0.1111111119389534, 0.25, 1.0, 1.0, 1.0, 0.25, 0.1111111119389534, 0.0625, 0.03999999910593033], [0.03999999910593033, 0.0625, 0.1111111119389534, 0.25, 1.0, 1.0, 1.0, 0.25, 0.1111111119389534, 0.0625], [0.0625, 0.03999999910593033, 0.0625, 0.1111111119389534, 0.25, 1.0, 1.0, 1.0, 0.25, 0.1111111119389534], [0.1111111119389534, 0.0625, 0.03999999910593033, 0.0625, 0.1111111119389534, 0.25, 1.0, 1.0, 1.0, 0.25], [0.25, 0.1111111119389534, 0.0625, 0.03999999910593033, 0.0625, 0.1111111119389534, 0.25, 1.0, 1.0, 1.0], [1.0, 0.25, 0.1111111119389534, 0.0625, 0.03999999910593033, 0.0625, 0.1111111119389534, 0.25, 1.0, 1.0]], "shortestPath": [[0.0, 1.0, 2.0, 3.0, 4.0, 5.0, 4.0, 3.0, 2.0, 1.0], [1.0, 0.0, 1.0, 2.0, 3.0, 4.0, 5.0, 4.0, 3.0, 2.0], [2.0, 1.0, 0.0, 1.0, 2.0, 3.0, 4.0, 5.0, 4.0, 3.0], [3.0, 2.0, 1.0, 0.0, 1.0, 2.0, 3.0, 4.0, 5.0, 4.0], [4.0, 3.0, 2.0, 1.0, 0.0, 1.0, 2.0, 3.0, 4.0, 5.0], [5.0, 4.0, 3.0, 2.0, 1.0, 0.0, 1.0, 2.0, 3.0, 4.0], [4.0, 5.0, 4.0, 3.0, 2.0, 1.0, 0.0, 1.0, 2.0, 3.0], [3.0, 4.0, 5.0, 4.0, 3.0, 2.0, 1.0, 0.0, 1.0, 2.0], [2.0, 3.0, 4.0, 5.0, 4.0, 3.0, 2.0, 1.0, 0.0, 1.0], [1.0, 2.0, 3.0, 4.0, 5.0, 4.0, 3.0, 2.0, 1.0, 0.0]], "euclideanDistance": [[0.0, 0.6316933413439306, 1.1942282569023768, 1.6254642408687379, 1.8727290265844359, 1.949601356629638, 1.8638653353601158, 1.6050056243925523, 1.183192171129431, 0.6237009111337797], [0.6316933413439306, 0.0, 0.6193261910047962, 1.1681590300782931, 1.5858230118706866, 1.863820860449552, 1.9845967560282913, 1.9192495606695716, 1.6541738951582803, 1.2024527811394234], [1.1942282569023768, 0.6193261910047962, 0.0, 0.6151986519762731, 1.1631584261876287, 1.613382861720056, 1.925135000516714, 2.054882051968632, 1.9672306648310223, 1.6618318819381757], [1.6254642408687379, 1.1681590300782931, 0.6151986519762731, 0.0, 0.6187215130484406, 1.1917406552193208, 1.6601876110029274, 1.970590368248493, 2.069021237354494, 1.9412944619161703], [1.8727290265844359, 1.5858230118706866, 1.1631584261876287, 0.6187215130484406, 0.0, 0.6312416092355738, 1.204668065488921, 1.6620405564281258, 1.9362108904159754, 2.0007312992933715], [1.949601356629638, 1.863820860449552, 1.613382861720056, 1.1917406552193208, 0.6312416092355738, 0.0, 0.6266866614399986, 1.1909388994053194, 1.6185132879767998, 1.8733248753943161], [1.8638653353601158, 1.9845967560282913, 1.925135000516714, 1.6601876110029274, 1.204668065488921, 0.6266866614399986, 0.0, 0.6228851632843437, 1.1672189538222653, 1.5904792723647232], [1.6050056243925523, 1.9192495606695716, 2.054882051968632, 1.970590368248493, 1.6620405564281258, 1.1909388994053194, 0.6228851632843437, 0.0, 0.6097031301044997, 1.1612356378185396], [1.183192171129431, 1.6541738951582803, 1.9672306648310223, 2.069021237354494, 1.9362108904159754, 1.6185132879767998, 1.1672189538222653, 0.6097031301044997, 0.0, 0.6192317773814348], [0.6237009111337797, 1.2024527811394234, 1.6618318819381757, 1.9412944619161703, 2.0007312992933715, 1.8733248753943161, 1.5904792723647232, 1.1612356378185396, 0.6192317773814348, 0.0]]}