{"name": "cycle-10", "nodes": [{"index": 0, "id": "0", "x": 81.11918047103816, "y": 425.7863078636626}, {"index": 1, "id": "1", "x": 10.0, "y": 291.3939186022852}, {"index": 2, "id": "2", "x": 35.56807017554385, "y": 139.28844655605258}, {"index": 3, "id": "3", "x": 142.14462471776744, "y": 33.94686600142194}, {"index": 4, "id": "4", "x": 287.4211279774168, "y": 10.0}, {"index": 5, "id": "5", "x": 419.6337804793318, "y": 73.54922264471568}, {"index": 6, "id": "6", "x": 490.0, "y": 208.22494586129451}, {"index": 7, "id": "7", "x": 463.54364383151847, "y": 359.5079349634049}, {"index": 8, "id": "8", "x": 357.0791662707672, "y": 464.6981678271377}, {"index": 9, "id": "9", "x": 213.43397897000762, "y": 490.0}], "edges": [{"source": "0", "target": "1"}, {"source": "0", "target": "9"}, {"source": "1", "target": "2"}, {"source": "2", "target": "3"}, {"source": "3", "target": "4"}, {"source": "4", "target": "5"}, {"source": "5", "target": "6"}, {"source": "6", "target": "7"}, {"source": "7", "target": "8"}, {"source": "8", "target": "9"}], "weight": [[1.0, 1.0, 0.25, 0.1111111119389534, 0.0625, 0.03999999910593033, 0.0625, 0.1111111119389534, 0.25, 1.0], [1.0, 1.0, 1.0, 0.25, 0.1111111119389534, 0.0625, 0.03999999910593033, 0.0625, 0.1111111119389534, 0.25], [0.25, 1.0, 1.0, 1.0, 0.25, 0.1111111119389534, 0.0625, 0.03999999910593033, 0.0625, 0.1111111119389534], [0.1111111119389534, 0.25, 1.0, 1.0, 1.0, 0.25, 0.1111111119389534, 0.0625, 0.03999999910593033, 0.0625], [0.0625, 0.1111111119389534, 0.25, 1.0, 1.0, 1.0, 0.25, 0.1111111119389534, 0.0625, 0.03999999910593033], [0.03999999910593033, 0.0625, 0.1111111119389534, 0.25, 1.0, 1.0, 1.0, 0.25, 0.1111111119389534, 0.0625], [0.0625, 0.03999999910593033, 0.0625, 0.1111111119389534, 0.25, 1.0, 1.0, 1.0, 0.25, 0.1111111119389534], [0.1111111119389534, 0.0625, 0.03999999910593033, 0.0625, 0.1111111119389534, 0.25, 1.0, 1.0, 1.0, 0.25], [0.25, 0.1111111119389534, 0.0625, 0.03999999910593033, 0.0625, 0.1111111119389534, 0.25, 1.0, 1.0, 1.0], [1.0, 0.25, 0.1111111119389534, 0.0625, 0.03999999910593033, 0.0625, 0.1111111119389534, 0.25, 1.0, 1.0]], "shortestPath": [[0.0, 1.0, 2.0, 3.0, 4.0, 5.0, 4.0, 3.0, 2.0, 1.0], [1.0, 0.0, 1.0, 2.0, 3.0, 4.0, 5.0, 4.0, 3.0, 2.0], [2.0, 1.0, 0.0, 1.0, 2.0, 3.0, 4.0, 5.0, 4.0, 3.0], [3.0, 2.0, 1.0, 0.0, 1.0, 2.0, 3.0, 4.0, 5.0, 4.0], [4.0, 3.0, 2.0, 1.0, 0.0, 1.0, 2.0, 3.0, 4.0, 5.0], [5.0, 4.0, 3.0, 2.0, 1.0, 0.0, 1.0, 2.0, 3.0, 4.0], [4.0, 5.0, 4.0, 3.0, 2.0, 1.0, 0.0, 1.0, 2.0, 3.0], [3.0, 4.0, 5.0, 4.0, 3.0, 2.0, 1.0, 0.0, 1.0, 2.0], [2.0, 3.0, 4.0, 5.0, 4.0, 3.0, 2.0, 1.0, 0.0, 1.0], [1.0, 2.0, 3.0, 4.0, 5.0, 4.0, 3.0, 2.0, 1.0, 0.0]], "euclideanDistance": [[0.0, 0.5912409344693151, 1.1070694190998724, 1.513223473343267, 1.8012074341636446, 1.946146374012083, 1.894291681138929, 1.6132516048967585, 1.1593094396078227, 0.6030669409706667], [0.5912409344693151, 0.0, 0.5887739690327071, 1.1241509408173584, 1.5759651071207572, 1.8975848318605553, 2.024860382018883, 1.907428643111199, 1.589519072338196, 1.1358348881573812], [1.1070694190998724, 0.5887739690327071, 0.0, 0.5983411283285057, 1.1590586066413187, 1.6196877572884698, 1.911522818454727, 1.9704354527962342, 1.8246052739626608, 1.5270252211067432], [1.513223473343267, 1.1241509408173584, 0.5983411283285057, 0.0, 0.6121311073813864, 1.1659658707452094, 1.5940015310771936, 1.8246537679456467, 1.8684424701925508, 1.761391452276711], [1.8012074341636446, 1.5759651071207572, 1.1590586066413187, 0.6121311073813864, 0.0, 0.6016562932035686, 1.1322109739074493, 1.5194991968532827, 1.755170526647633, 1.8531506006153977], [1.946146374012083, 1.8975848318605553, 1.6196877572884698, 1.1659658707452094, 0.6016562932035686, 0.0, 0.590610930895945, 1.1038934225099286, 1.5117177015883052, 1.8032279906576922], [1.894291681138929, 2.024860382018883, 1.911522818454727, 1.5940015310771936, 1.1322109739074493, 0.590610930895945, 0.0, 0.5863792645399833, 1.1225123316454573, 1.5743420571921427], [1.6132516048967585, 1.907428643111199, 1.9704354527962342, 1.8246537679456467, 1.5194991968532827, 1.1038934225099286, 0.5863792645399833, 0.0, 0.5976084032171785, 1.1544505594819627], [1.1593094396078227, 1.589519072338196, 1.8246052739626608, 1.8684424701925508, 1.755170526647633, 1.5117177015883052, 1.1225123316454573, 0.5976084032171785, 0.0, 0.6062089585539923], [0.6030669409706667, 1.1358348881573812, 1.5270252211067432, 1.761391452276711, 1.8531506006153977, 1.8032279906576922, 1.5743420571921427, 1.1544505594819627, 0.6062089585539923, 0.0]]}