{"name": "cycle-10", "nodes": [{"index": 0, "id": "0", "x": 297.7638045084101, "y": 426.505588151198}, {"index": 1, "id": "1", "x": 167.66296600525243, "y": 440.0}, {"index": 2, "id": "2", "x": 56.009089524152444, "y": 372.3835645070479}, {"index": 3, "id": "3", "x": 10.0, "y": 244.33599638792143}, {"index": 4, "id": "4", "x": 49.45455559990478, "y": 111.38355750506535}, {"index": 5, "id": "5", "x": 152.42662101291478, "y": 24.043473019574122}, {"index": 6, "id": "6", "x": 282.06248733540747, "y": 10.0}, {"index": 7, "id": "7", "x": 394.130149656724, "y": 78.47273582288162}, {"index": 8, "id": "8", "x": 440.0, "y": 206.77823492820892}, {"index": 9, "id": "9", "x": 401.3209072200486, "y": 339.2339502711625}], "edges": [{"source": "0", "target": "1"}, {"source": "0", "target": "9"}, {"source": "1", "target": "2"}, {"source": "2", "target": "3"}, {"source": "3", "target": "4"}, {"source": "4", "target": "5"}, {"source": "5", "target": "6"}, {"source": "6", "target": "7"}, {"source": "7", "target": "8"}, {"source": "8", "target": "9"}], "weight": [[1.0, 1.0, 0.25, 0.1111111119389534, 0.0625, 0.03999999910593033, 0.0625, 0.1111111119389534, 0.25, 1.0], [1.0, 1.0, 1.0, 0.25, 0.1111111119389534, 0.0625, 0.03999999910593033, 0.0625, 0.1111111119389534, 0.25], [0.25, 1.0, 1.0, 1.0, 0.25, 0.1111111119389534, 0.0625, 0.03999999910593033, 0.0625, 0.1111111119389534], [0.1111111119389534, 0.25, 1.0, 1.0, 1.0, 0.25, 0.1111111119389534, 0.0625, 0.03999999910593033, 0.0625], [0.0625, 0.1111111119389534, 0.25, 1.0, 1.0, 1.0, 0.25, 0.1111111119389534, 0.0625, 0.03999999910593033], [0.03999999910593033, 0.0625, 0.1111111119389534, 0.25, 1.0, 1.0, 1.0, 0.25, 0.1111111119389534, 0.0625], [0.0625, 0.03999999910593033, 0.0625, 0.1111111119389534, 0.25, 1.0, 1.0, 1.0, 0.25, 0.1111111119389534], [0.1111111119389534, 0.0625, 0.03999999910593033, 0.0625, 0.1111111119389534, 0.25, 1.0, 1.0, 1.0, 0.25], [0.25, 0.1111111119389534, 0.0625, 0.03999999910593033, 0.0625, 0.1111111119389534, 0.25, 1.0, 1.0, 1.0], [1.0, 0.25, 0.1111111119389534, 0.0625, 0.03999999910593033, 0.0625, 0.1111111119389534, 0.25, 1.0, 1.0]], "shortestPath": [[0.0, 1.0, 2.0, 3.0, 4.0, 5.0, 4.0, 3.0, 2.0, 1.0], [1.0, 0.0, 1.0, 2.0, 3.0, 4.0, 5.0, 4.0, 3.0, 2.0], [2.0, 1.0, 0.0, 1.0, 2.0, 3.0, 4.0, 5.0, 4.0, 3.0], [3.0, 2.0, 1.0, 0.0, 1.0, 2.0, 3.0, 4.0, 5.0, 4.0], [4.0, 3.0, 2.0, 1.0, 0.0, 1.0, 2.0, 3.0, 4.0, 5.0], [5.0, 4.0, 3.0, 2.0, 1.0, 0.0, 1.0, 2.0, 3.0, 4.0], [4.0, 5.0, 4.0, 3.0, 2.0, 1.0, 0.0, 1.0, 2.0, 3.0], [3.0, 4.0, 5.0, 4.0, 3.0, 2.0, 1.0, 0.0, 1.0, 2.0], [2.0, 3.0, 4.0, 5.0, 4.0, 3.0, 2.0, 1.0, 0.0, 1.0], [1.0, 2.0, 3.0, 4.0, 5.0, 4.0, 3.0, 2.0, 1.0, 0.0]]}