{"name": "cycle-10", "nodes": [{"index": 0, "id": "0", "x": 137.1263333368696, "y": 16.90114835622839}, {"index": 1, "id": "1", "x": 36.66281026646027, "y": 105.41291483051782}, {"index": 2, "id": "2", "x": 10.0, "y": 240.46469789600195}, {"index": 3, "id": "3", "x": 65.0391044381731, "y": 367.1696110556318}, {"index": 4, "id": "4", "x": 179.62290326740742, "y": 440.0}, {"index": 5, "id": "5", "x": 312.38256786197405, "y": 432.57914856438447}, {"index": 6, "id": "6", "x": 413.6050656737019, "y": 344.4175050496481}, {"index": 7, "id": "7", "x": 440.0, "y": 209.53186222651624}, {"index": 8, "id": "8", "x": 383.86568069762666, "y": 83.13457615753151}, {"index": 9, "id": "9", "x": 269.77482265857594, "y": 10.0}], "edges": [{"source": "0", "target": "1"}, {"source": "0", "target": "9"}, {"source": "1", "target": "2"}, {"source": "2", "target": "3"}, {"source": "3", "target": "4"}, {"source": "4", "target": "5"}, {"source": "5", "target": "6"}, {"source": "6", "target": "7"}, {"source": "7", "target": "8"}, {"source": "8", "target": "9"}], "weight": [[1.0, 1.0, 0.25, 0.1111111119389534, 0.0625, 0.03999999910593033, 0.0625, 0.1111111119389534, 0.25, 1.0], [1.0, 1.0, 1.0, 0.25, 0.1111111119389534, 0.0625, 0.03999999910593033, 0.0625, 0.1111111119389534, 0.25], [0.25, 1.0, 1.0, 1.0, 0.25, 0.1111111119389534, 0.0625, 0.03999999910593033, 0.0625, 0.1111111119389534], [0.1111111119389534, 0.25, 1.0, 1.0, 1.0, 0.25, 0.1111111119389534, 0.0625, 0.03999999910593033, 0.0625], [0.0625, 0.1111111119389534, 0.25, 1.0, 1.0, 1.0, 0.25, 0.1111111119389534, 0.0625, 0.03999999910593033], [0.03999999910593033, 0.0625, 0.1111111119389534, 0.25, 1.0, 1.0, 1.0, 0.25, 0.1111111119389534, 0.0625], [0.0625, 0.03999999910593033, 0.0625, 0.1111111119389534, 0.25, 1.0, 1.0, 1.0, 0.25, 0.1111111119389534], [0.1111111119389534, 0.0625, 0.03999999910593033, 0.0625, 0.1111111119389534, 0.25, 1.0, 1.0, 1.0, 0.25], [0.25, 0.1111111119389534, 0.0625, 0.03999999910593033, 0.0625, 0.1111111119389534, 0.25, 1.0, 1.0, 1.0], [1.0, 0.25, 0.1111111119389534, 0.0625, 0.03999999910593033, 0.0625, 0.1111111119389534, 0.25, 1.0, 1.0]], "shortestPath": [[0.0, 1.0, 2.0, 3.0, 4.0, 5.0, 4.0, 3.0, 2.0, 1.0], [1.0, 0.0, 1.0, 2.0, 3.0, 4.0, 5.0, 4.0, 3.0, 2.0], [2.0, 1.0, 0.0, 1.0, 2.0, 3.0, 4.0, 5.0, 4.0, 3.0], [3.0, 2.0, 1.0, 0.0, 1.0, 2.0, 3.0, 4.0, 5.0, 4.0], [4.0, 3.0, 2.0, 1.0, 0.0, 1.0, 2.0, 3.0, 4.0, 5.0], [5.0, 4.0, 3.0, 2.0, 1.0, 0.0, 1.0, 2.0, 3.0, 4.0], [4.0, 5.0, 4.0, 3.0, 2.0, 1.0, 0.0, 1.0, 2.0, 3.0], [3.0, 4.0, 5.0, 4.0, 3.0, 2.0, 1.0, 0.0, 1.0, 2.0], [2.0, 3.0, 4.0, 5.0, 4.0, 3.0, 2.0, 1.0, 0.0, 1.0], [1.0, 2.0, 3.0, 4.0, 5.0, 4.0, 3.0, 2.0, 1.0, 0.0]], "euclideanDistance": [[0.0, 0.6113602264144985, 1.1588786025142894, 1.5975644666086584, 1.897146792239188, 2.0247598982670967, 1.945254231989414, 1.648910116598997, 1.1840346014870902, 0.6171868457187373], [0.6113602264144985, 0.0, 0.6148861616115351, 1.1747475818868007, 1.6333257913503905, 1.9417530511921928, 2.05045103897135, 1.9309702451674584, 1.616511689577783, 1.1638444697229648], [1.1588786025142894, 0.6148861616115351, 0.0, 0.6202405122072188, 1.1887560732951021, 1.6457628742134884, 1.9320006488517356, 2.0029708375128528, 1.8736838128361322, 1.5854321673295129], [1.5975644666086584, 1.1747475818868007, 0.6202405122072188, 0.0, 0.623712121167093, 1.1858442490138157, 1.6229647780814276, 1.8789168152323121, 1.9492503469200921, 1.8553350636965753], [1.897146792239188, 1.6333257913503905, 1.1887560732951021, 0.623712121167093, 0.0, 0.6178226465264631, 1.167884880912948, 1.5875741725374755, 1.8529962280650432, 1.9628452936046208], [2.0247598982670967, 1.9417530511921928, 1.6457628742134884, 1.1858442490138157, 0.6178226465264631, 0.0, 0.6130552348399229, 1.158065500845792, 1.5933845097954893, 1.894895657890847], [1.945254231989414, 2.05045103897135, 1.9320006488517356, 1.6229647780814276, 1.167884880912948, 0.6130552348399229, 0.0, 0.6139105399455888, 1.1733773352443753, 1.6342845061318736], [1.648910116598997, 1.9309702451674584, 2.0029708375128528, 1.8789168152323121, 1.5875741725374755, 1.158065500845792, 0.6139105399455888, 0.0, 0.621111224902891, 1.1906022608828637], [1.1840346014870902, 1.616511689577783, 1.8736838128361322, 1.9492503469200921, 1.8529962280650432, 1.5933845097954893, 1.1733773352443753, 0.621111224902891, 0.0, 0.6224673639846706], [0.6171868457187373, 1.1638444697229648, 1.5854321673295129, 1.8553350636965753, 1.9628452936046208, 1.894895657890847, 1.6342845061318736, 1.1906022608828637, 0.6224673639846706, 0.0]]}