{"name": "k-20", "nodes": [{"index": 0, "id": "0", "x": 107.8678684736814, "y": 314.83275690565523}, {"index": 1, "id": "1", "x": 67.66837361976803, "y": 414.7374616063808}, {"index": 2, "id": "2", "x": 438.688277351825, "y": 124.30887988844631}, {"index": 3, "id": "3", "x": 28.38328483605673, "y": 188.467839093475}, {"index": 4, "id": "4", "x": 169.77065927807476, "y": 217.39140366329394}, {"index": 5, "id": "5", "x": 247.8499300840655, "y": 315.0203609193471}, {"index": 6, "id": "6", "x": 179.5986578049106, "y": 414.8343387710296}, {"index": 7, "id": "7", "x": 162.25303342203154, "y": 106.69499463967443}, {"index": 8, "id": "8", "x": 339.61424576803597, "y": 173.3916121458049}, {"index": 9, "id": "9", "x": 270.354426919995, "y": 96.81845695107947}, {"index": 10, "id": "10", "x": 10.0, "y": 292.3526266803448}, {"index": 11, "id": "11", "x": 338.7870317393773, "y": 465.114709803054}, {"index": 12, "id": "12", "x": 490.0, "y": 236.41264993845124}, {"index": 13, "id": "13", "x": 222.17629031926987, "y": 490.0}, {"index": 14, "id": "14", "x": 201.87092869378125, "y": 10.0}, {"index": 15, "id": "15", "x": 67.59876124404443, "y": 93.65281833391714}, {"index": 16, "id": "16", "x": 395.19890890791635, "y": 264.32692024696524}, {"index": 17, "id": "17", "x": 351.4391454693489, "y": 35.82952814099116}, {"index": 18, "id": "18", "x": 344.65557542552045, "y": 367.5677035824436}, {"index": 19, "id": "19", "x": 446.8562751716131, "y": 366.1573371059843}], "edges": [{"source": "0", "target": "1"}, {"source": "0", "target": "2"}, {"source": "0", "target": "3"}, {"source": "0", "target": "4"}, {"source": "0", "target": "5"}, {"source": "0", "target": "6"}, {"source": "0", "target": "7"}, {"source": "0", "target": "8"}, {"source": "0", "target": "9"}, {"source": "0", "target": "10"}, {"source": "0", "target": "11"}, {"source": "0", "target": "12"}, {"source": "0", "target": "13"}, {"source": "0", "target": "14"}, {"source": "0", "target": "15"}, {"source": "0", "target": "16"}, {"source": "0", "target": "17"}, {"source": "0", "target": "18"}, {"source": "0", "target": "19"}, {"source": "1", "target": "2"}, {"source": "1", "target": "3"}, {"source": "1", "target": "4"}, {"source": "1", "target": "5"}, {"source": "1", "target": "6"}, {"source": "1", "target": "7"}, {"source": "1", "target": "8"}, {"source": "1", "target": "9"}, {"source": "1", "target": "10"}, {"source": "1", "target": "11"}, {"source": "1", "target": "12"}, {"source": "1", "target": "13"}, {"source": "1", "target": "14"}, {"source": "1", "target": "15"}, {"source": "1", "target": "16"}, {"source": "1", "target": "17"}, {"source": "1", "target": "18"}, {"source": "1", "target": "19"}, {"source": "2", "target": "3"}, {"source": "2", "target": "4"}, {"source": "2", "target": "5"}, {"source": "2", "target": "6"}, {"source": "2", "target": "7"}, {"source": "2", "target": "8"}, {"source": "2", "target": "9"}, {"source": "2", "target": "10"}, {"source": "2", "target": "11"}, {"source": "2", "target": "12"}, {"source": "2", "target": "13"}, {"source": "2", "target": "14"}, {"source": "2", "target": "15"}, {"source": "2", "target": "16"}, {"source": "2", "target": "17"}, {"source": "2", "target": "18"}, {"source": "2", "target": "19"}, {"source": "3", "target": "4"}, {"source": "3", "target": "5"}, {"source": "3", "target": "6"}, {"source": "3", "target": "7"}, {"source": "3", "target": "8"}, {"source": "3", "target": "9"}, {"source": "3", "target": "10"}, {"source": "3", "target": "11"}, {"source": "3", "target": "12"}, {"source": "3", "target": "13"}, {"source": "3", "target": "14"}, {"source": "3", "target": "15"}, {"source": "3", "target": "16"}, {"source": "3", "target": "17"}, {"source": "3", "target": "18"}, {"source": "3", "target": "19"}, {"source": "4", "target": "5"}, {"source": "4", "target": "6"}, {"source": "4", "target": "7"}, {"source": "4", "target": "8"}, {"source": "4", "target": "9"}, {"source": "4", "target": "10"}, {"source": "4", "target": "11"}, {"source": "4", "target": "12"}, {"source": "4", "target": "13"}, {"source": "4", "target": "14"}, {"source": "4", "target": "15"}, {"source": "4", "target": "16"}, {"source": "4", "target": "17"}, {"source": "4", "target": "18"}, {"source": "4", "target": "19"}, {"source": "5", "target": "6"}, {"source": "5", "target": "7"}, {"source": "5", "target": "8"}, {"source": "5", "target": "9"}, {"source": "5", "target": "10"}, {"source": "5", "target": "11"}, {"source": "5", "target": "12"}, {"source": "5", "target": "13"}, {"source": "5", "target": "14"}, {"source": "5", "target": "15"}, {"source": "5", "target": "16"}, {"source": "5", "target": "17"}, {"source": "5", "target": "18"}, {"source": "5", "target": "19"}, {"source": "6", "target": "7"}, {"source": "6", "target": "8"}, {"source": "6", "target": "9"}, {"source": "6", "target": "10"}, {"source": "6", "target": "11"}, {"source": "6", "target": "12"}, {"source": "6", "target": "13"}, {"source": "6", "target": "14"}, {"source": "6", "target": "15"}, {"source": "6", "target": "16"}, {"source": "6", "target": "17"}, {"source": "6", "target": "18"}, {"source": "6", "target": "19"}, {"source": "7", "target": "8"}, {"source": "7", "target": "9"}, {"source": "7", "target": "10"}, {"source": "7", "target": "11"}, {"source": "7", "target": "12"}, {"source": "7", "target": "13"}, {"source": "7", "target": "14"}, {"source": "7", "target": "15"}, {"source": "7", "target": "16"}, {"source": "7", "target": "17"}, {"source": "7", "target": "18"}, {"source": "7", "target": "19"}, {"source": "8", "target": "9"}, {"source": "8", "target": "10"}, {"source": "8", "target": "11"}, {"source": "8", "target": "12"}, {"source": "8", "target": "13"}, {"source": "8", "target": "14"}, {"source": "8", "target": "15"}, {"source": "8", "target": "16"}, {"source": "8", "target": "17"}, {"source": "8", "target": "18"}, {"source": "8", "target": "19"}, {"source": "9", "target": "10"}, {"source": "9", "target": "11"}, {"source": "9", "target": "12"}, {"source": "9", "target": "13"}, {"source": "9", "target": "14"}, {"source": "9", "target": "15"}, {"source": "9", "target": "16"}, {"source": "9", "target": "17"}, {"source": "9", "target": "18"}, {"source": "9", "target": "19"}, {"source": "10", "target": "11"}, {"source": "10", "target": "12"}, {"source": "10", "target": "13"}, {"source": "10", "target": "14"}, {"source": "10", "target": "15"}, {"source": "10", "target": "16"}, {"source": "10", "target": "17"}, {"source": "10", "target": "18"}, {"source": "10", "target": "19"}, {"source": "11", "target": "12"}, {"source": "11", "target": "13"}, {"source": "11", "target": "14"}, {"source": "11", "target": "15"}, {"source": "11", "target": "16"}, {"source": "11", "target": "17"}, {"source": "11", "target": "18"}, {"source": "11", "target": "19"}, {"source": "12", "target": "13"}, {"source": "12", "target": "14"}, {"source": "12", "target": "15"}, {"source": "12", "target": "16"}, {"source": "12", "target": "17"}, {"source": "12", "target": "18"}, {"source": "12", "target": "19"}, {"source": "13", "target": "14"}, {"source": "13", "target": "15"}, {"source": "13", "target": "16"}, {"source": "13", "target": "17"}, {"source": "13", "target": "18"}, {"source": "13", "target": "19"}, {"source": "14", "target": "15"}, {"source": "14", "target": "16"}, {"source": "14", "target": "17"}, {"source": "14", "target": "18"}, {"source": "14", "target": "19"}, {"source": "15", "target": "16"}, {"source": "15", "target": "17"}, {"source": "15", "target": "18"}, {"source": "15", "target": "19"}, {"source": "16", "target": "17"}, {"source": "16", "target": "18"}, {"source": "16", "target": "19"}, {"source": "17", "target": "18"}, {"source": "17", "target": "19"}, {"source": "18", "target": "19"}], "weight": [[1.0, 1.0, 1.0, 1.0, 1.0, 1.0, 1.0, 1.0, 1.0, 1.0, 1.0, 1.0, 1.0, 1.0, 1.0, 1.0, 1.0, 1.0, 1.0, 1.0], [1.0, 1.0, 1.0, 1.0, 1.0, 1.0, 1.0, 1.0, 1.0, 1.0, 1.0, 1.0, 1.0, 1.0, 1.0, 1.0, 1.0, 1.0, 1.0, 1.0], [1.0, 1.0, 1.0, 1.0, 1.0, 1.0, 1.0, 1.0, 1.0, 1.0, 1.0, 1.0, 1.0, 1.0, 1.0, 1.0, 1.0, 1.0, 1.0, 1.0], [1.0, 1.0, 1.0, 1.0, 1.0, 1.0, 1.0, 1.0, 1.0, 1.0, 1.0, 1.0, 1.0, 1.0, 1.0, 1.0, 1.0, 1.0, 1.0, 1.0], [1.0, 1.0, 1.0, 1.0, 1.0, 1.0, 1.0, 1.0, 1.0, 1.0, 1.0, 1.0, 1.0, 1.0, 1.0, 1.0, 1.0, 1.0, 1.0, 1.0], [1.0, 1.0, 1.0, 1.0, 1.0, 1.0, 1.0, 1.0, 1.0, 1.0, 1.0, 1.0, 1.0, 1.0, 1.0, 1.0, 1.0, 1.0, 1.0, 1.0], [1.0, 1.0, 1.0, 1.0, 1.0, 1.0, 1.0, 1.0, 1.0, 1.0, 1.0, 1.0, 1.0, 1.0, 1.0, 1.0, 1.0, 1.0, 1.0, 1.0], [1.0, 1.0, 1.0, 1.0, 1.0, 1.0, 1.0, 1.0, 1.0, 1.0, 1.0, 1.0, 1.0, 1.0, 1.0, 1.0, 1.0, 1.0, 1.0, 1.0], [1.0, 1.0, 1.0, 1.0, 1.0, 1.0, 1.0, 1.0, 1.0, 1.0, 1.0, 1.0, 1.0, 1.0, 1.0, 1.0, 1.0, 1.0, 1.0, 1.0], [1.0, 1.0, 1.0, 1.0, 1.0, 1.0, 1.0, 1.0, 1.0, 1.0, 1.0, 1.0, 1.0, 1.0, 1.0, 1.0, 1.0, 1.0, 1.0, 1.0], [1.0, 1.0, 1.0, 1.0, 1.0, 1.0, 1.0, 1.0, 1.0, 1.0, 1.0, 1.0, 1.0, 1.0, 1.0, 1.0, 1.0, 1.0, 1.0, 1.0], [1.0, 1.0, 1.0, 1.0, 1.0, 1.0, 1.0, 1.0, 1.0, 1.0, 1.0, 1.0, 1.0, 1.0, 1.0, 1.0, 1.0, 1.0, 1.0, 1.0], [1.0, 1.0, 1.0, 1.0, 1.0, 1.0, 1.0, 1.0, 1.0, 1.0, 1.0, 1.0, 1.0, 1.0, 1.0, 1.0, 1.0, 1.0, 1.0, 1.0], [1.0, 1.0, 1.0, 1.0, 1.0, 1.0, 1.0, 1.0, 1.0, 1.0, 1.0, 1.0, 1.0, 1.0, 1.0, 1.0, 1.0, 1.0, 1.0, 1.0], [1.0, 1.0, 1.0, 1.0, 1.0, 1.0, 1.0, 1.0, 1.0, 1.0, 1.0, 1.0, 1.0, 1.0, 1.0, 1.0, 1.0, 1.0, 1.0, 1.0], [1.0, 1.0, 1.0, 1.0, 1.0, 1.0, 1.0, 1.0, 1.0, 1.0, 1.0, 1.0, 1.0, 1.0, 1.0, 1.0, 1.0, 1.0, 1.0, 1.0], [1.0, 1.0, 1.0, 1.0, 1.0, 1.0, 1.0, 1.0, 1.0, 1.0, 1.0, 1.0, 1.0, 1.0, 1.0, 1.0, 1.0, 1.0, 1.0, 1.0], [1.0, 1.0, 1.0, 1.0, 1.0, 1.0, 1.0, 1.0, 1.0, 1.0, 1.0, 1.0, 1.0, 1.0, 1.0, 1.0, 1.0, 1.0, 1.0, 1.0], [1.0, 1.0, 1.0, 1.0, 1.0, 1.0, 1.0, 1.0, 1.0, 1.0, 1.0, 1.0, 1.0, 1.0, 1.0, 1.0, 1.0, 1.0, 1.0, 1.0], [1.0, 1.0, 1.0, 1.0, 1.0, 1.0, 1.0, 1.0, 1.0, 1.0, 1.0, 1.0, 1.0, 1.0, 1.0, 1.0, 1.0, 1.0, 1.0, 1.0]], "shortestPath": [[0.0, 1.0, 1.0, 1.0, 1.0, 1.0, 1.0, 1.0, 1.0, 1.0, 1.0, 1.0, 1.0, 1.0, 1.0, 1.0, 1.0, 1.0, 1.0, 1.0], [1.0, 0.0, 1.0, 1.0, 1.0, 1.0, 1.0, 1.0, 1.0, 1.0, 1.0, 1.0, 1.0, 1.0, 1.0, 1.0, 1.0, 1.0, 1.0, 1.0], [1.0, 1.0, 0.0, 1.0, 1.0, 1.0, 1.0, 1.0, 1.0, 1.0, 1.0, 1.0, 1.0, 1.0, 1.0, 1.0, 1.0, 1.0, 1.0, 1.0], [1.0, 1.0, 1.0, 0.0, 1.0, 1.0, 1.0, 1.0, 1.0, 1.0, 1.0, 1.0, 1.0, 1.0, 1.0, 1.0, 1.0, 1.0, 1.0, 1.0], [1.0, 1.0, 1.0, 1.0, 0.0, 1.0, 1.0, 1.0, 1.0, 1.0, 1.0, 1.0, 1.0, 1.0, 1.0, 1.0, 1.0, 1.0, 1.0, 1.0], [1.0, 1.0, 1.0, 1.0, 1.0, 0.0, 1.0, 1.0, 1.0, 1.0, 1.0, 1.0, 1.0, 1.0, 1.0, 1.0, 1.0, 1.0, 1.0, 1.0], [1.0, 1.0, 1.0, 1.0, 1.0, 1.0, 0.0, 1.0, 1.0, 1.0, 1.0, 1.0, 1.0, 1.0, 1.0, 1.0, 1.0, 1.0, 1.0, 1.0], [1.0, 1.0, 1.0, 1.0, 1.0, 1.0, 1.0, 0.0, 1.0, 1.0, 1.0, 1.0, 1.0, 1.0, 1.0, 1.0, 1.0, 1.0, 1.0, 1.0], [1.0, 1.0, 1.0, 1.0, 1.0, 1.0, 1.0, 1.0, 0.0, 1.0, 1.0, 1.0, 1.0, 1.0, 1.0, 1.0, 1.0, 1.0, 1.0, 1.0], [1.0, 1.0, 1.0, 1.0, 1.0, 1.0, 1.0, 1.0, 1.0, 0.0, 1.0, 1.0, 1.0, 1.0, 1.0, 1.0, 1.0, 1.0, 1.0, 1.0], [1.0, 1.0, 1.0, 1.0, 1.0, 1.0, 1.0, 1.0, 1.0, 1.0, 0.0, 1.0, 1.0, 1.0, 1.0, 1.0, 1.0, 1.0, 1.0, 1.0], [1.0, 1.0, 1.0, 1.0, 1.0, 1.0, 1.0, 1.0, 1.0, 1.0, 1.0, 0.0, 1.0, 1.0, 1.0, 1.0, 1.0, 1.0, 1.0, 1.0], [1.0, 1.0, 1.0, 1.0, 1.0, 1.0, 1.0, 1.0, 1.0, 1.0, 1.0, 1.0, 0.0, 1.0, 1.0, 1.0, 1.0, 1.0, 1.0, 1.0], [1.0, 1.0, 1.0, 1.0, 1.0, 1.0, 1.0, 1.0, 1.0, 1.0, 1.0, 1.0, 1.0, 0.0, 1.0, 1.0, 1.0, 1.0, 1.0, 1.0], [1.0, 1.0, 1.0, 1.0, 1.0, 1.0, 1.0, 1.0, 1.0, 1.0, 1.0, 1.0, 1.0, 1.0, 0.0, 1.0, 1.0, 1.0, 1.0, 1.0], [1.0, 1.0, 1.0, 1.0, 1.0, 1.0, 1.0, 1.0, 1.0, 1.0, 1.0, 1.0, 1.0, 1.0, 1.0, 0.0, 1.0, 1.0, 1.0, 1.0], [1.0, 1.0, 1.0, 1.0, 1.0, 1.0, 1.0, 1.0, 1.0, 1.0, 1.0, 1.0, 1.0, 1.0, 1.0, 1.0, 0.0, 1.0, 1.0, 1.0], [1.0, 1.0, 1.0, 1.0, 1.0, 1.0, 1.0, 1.0, 1.0, 1.0, 1.0, 1.0, 1.0, 1.0, 1.0, 1.0, 1.0, 0.0, 1.0, 1.0], [1.0, 1.0, 1.0, 1.0, 1.0, 1.0, 1.0, 1.0, 1.0, 1.0, 1.0, 1.0, 1.0, 1.0, 1.0, 1.0, 1.0, 1.0, 0.0, 1.0], [1.0, 1.0, 1.0, 1.0, 1.0, 1.0, 1.0, 1.0, 1.0, 1.0, 1.0, 1.0, 1.0, 1.0, 1.0, 1.0, 1.0, 1.0, 1.0, 0.0]], "euclideanDistance": [[0.0, 0.44007003924052607, 1.554389122360205, 0.6095273001327041, 0.4713355533775889, 0.5691063550021692, 0.5023154223021252, 0.8795014499660024, 1.1055926848914548, 1.1096974807064073, 0.4083722580947257, 1.1221181903578443, 1.5863428005634115, 0.853941084262307, 1.3039857811789846, 0.9192911558838789, 1.1862845700445275, 1.5108534675608454, 0.9865398797822462, 1.3940726856608867], [0.44007003924052607, 0.0, 1.9199438236020647, 0.939093145578158, 0.9076070596668642, 0.8384143735401547, 0.45505975241782903, 1.3172305562571138, 1.4821234457304127, 1.5393723659764427, 0.552726245142054, 1.121341004034568, 1.8654908966768364, 0.6995256413104131, 1.7429214931593533, 1.3131920939482042, 1.4668222652075698, 1.9319699792523544, 1.1425140488008259, 1.554362953773268], [1.554389122360205, 1.9199438236020647, 0.0, 1.6886328590382664, 1.1576858234516028, 1.100155232432422, 1.5878844243220493, 1.126171215221941, 0.4500425970104731, 0.6935457746985614, 1.8734742304615435, 1.451818428835476, 0.503716917776169, 1.735432571886769, 1.0702985764995494, 1.5138884998457744, 0.5993284232197233, 0.5067274866676924, 1.0658172835329907, 0.989684225361361], [0.6095273001327041, 0.939093145578158, 1.6886328590382664, 0.0, 0.5868649512351819, 1.031509207314486, 1.111336680939314, 0.6387991361131078, 1.2668304152805023, 1.0527401503489708, 0.4313979276730459, 1.6949134834559945, 1.8869478317409891, 1.4634190289188014, 1.0150124334548052, 0.41927618042795034, 1.523242664648421, 1.4542153567097704, 1.4798285844321575, 1.8500398931729025], [0.4713355533775889, 0.9076070596668642, 1.1576858234516028, 0.5868649512351819, 0.0, 0.5100955191361511, 0.8085023981364811, 0.45376357234838066, 0.7135732727106727, 0.6406227013397386, 0.7182736760364028, 1.224194471013742, 1.3042346219286762, 1.1351064058811111, 0.8581835079844896, 0.6547185930117921, 0.9363799318353838, 1.0473333791900739, 0.9395589912740123, 1.2803171968856462], [0.5691063550021692, 0.8384143735401547, 1.100155232432422, 1.031509207314486, 0.5100955191361511, 0.0, 0.4936021382095382, 0.9203506782686671, 0.6889886222124194, 0.8970936452568397, 0.9714276813736842, 0.716600583684094, 1.0356410565445964, 0.7232144652098372, 1.261418923141858, 1.1647791802588192, 0.6339196249354286, 1.2170424443085885, 0.4484236805975227, 0.8356671638969511], [0.5023154223021252, 0.45505975241782903, 1.5878844243220493, 1.111336680939314, 0.8085023981364811, 0.4936021382095382, 0.0, 1.2622190644134528, 1.1825023972364777, 1.351964841313288, 0.8522697622482647, 0.679075120348122, 1.4577464584457223, 0.3528025836204481, 1.6581909801106192, 1.3902701323063784, 1.0710851791205362, 1.7002417415005653, 0.6983390257293155, 1.1046403264225917], [0.8795014499660024, 1.3172305562571138, 1.126171215221941, 0.6387991361131078, 0.45376357234838066, 0.9203506782686671, 1.2622190644134528, 0.0, 0.770944463989479, 0.4413453675334227, 0.9796488787014103, 1.6321560835514164, 1.4342074843999584, 1.5864817877612738, 0.4270118883762688, 0.38850208932459696, 1.1456631716599437, 0.821942859603301, 1.2993350875979328, 1.569996227348336], [1.1055926848914548, 1.4821234457304127, 0.4500425970104731, 1.2668304152805023, 0.7135732727106727, 0.6889886222124194, 1.1825023972364777, 0.770944463989479, 0.0, 0.42114739063314505, 1.425656358411018, 1.193112116994854, 0.6635110980634793, 1.3801037762035646, 0.8718724769161993, 1.1529790330164975, 0.43518674011645125, 0.5646602744664588, 0.7944179663624829, 0.9009143731798728], [1.1096974807064073, 1.5393723659764427, 0.6935457746985614, 1.0527401503489708, 0.6406227013397386, 0.8970936452568397, 1.351964841313288, 0.4413453675334227, 0.42114739063314505, 0.0, 1.3266227443097924, 1.531759559436142, 1.0598911270113034, 1.6199437022775136, 0.45121895761758835, 0.8244175255315731, 0.8526217805299466, 0.41338953298130726, 1.1477906780703284, 1.3146681390176151], [0.4083722580947257, 0.552726245142054, 1.8734742304615435, 0.4313979276730459, 0.7182736760364028, 0.9714276813736842, 0.8522697622482647, 0.9796488787014103, 1.425656358411018, 1.3266227443097924, 0.0, 1.5119603015077714, 1.9648355660597967, 1.1821747072010693, 1.3935650344937731, 0.8457211307044888, 1.5702393260657497, 1.740012194510507, 1.3949056851792312, 1.8015344767660044], [1.1221181903578443, 1.121341004034568, 1.451818428835476, 1.6949134834559945, 1.224194471013742, 0.716600583684094, 0.679075120348122, 1.6321560835514164, 1.193112116994854, 1.531759559436142, 1.5119603015077714, 0.0, 1.119301253884694, 0.48489002068647646, 1.942806640657052, 1.8771341888326936, 0.8526194608932656, 1.756470732892661, 0.39966663920760126, 0.5973601524094061], [1.5863428005634115, 1.8654908966768364, 0.503716917776169, 1.8869478317409891, 1.3042346219286762, 1.0356410565445964, 1.4577464584457223, 1.4342074843999584, 0.6635110980634793, 1.0598911270113034, 1.9648355660597967, 1.119301253884694, 0.0, 1.5037477119222313, 1.4932058115002196, 1.8138403277974737, 0.4019728464135038, 0.9951504970445262, 0.7980616951213195, 0.5588765658023802], [0.853941084262307, 0.6995256413104131, 1.735432571886769, 1.4634190289188014, 1.1351064058811111, 0.7232144652098372, 0.3528025836204481, 1.5864817877612738, 1.3801037762035646, 1.6199437022775136, 1.1821747072010693, 0.48489002068647646, 1.5037477119222313, 0.0, 1.9648689982369725, 1.7385630514215629, 1.1604727036538036, 1.9304053454851962, 0.7061750623370066, 1.0444776778752705], [1.3039857811789846, 1.7429214931593533, 1.0702985764995494, 1.0150124334548052, 0.8581835079844896, 1.261418923141858, 1.6581909801106192, 0.4270118883762688, 0.8718724769161993, 0.45121895761758835, 1.3935650344937731, 1.942806640657052, 1.4932058115002196, 1.9648689982369725, 0.0, 0.6442436680011546, 1.303730371349892, 0.6171868895568644, 1.5734045923319586, 1.7645981850847223], [0.9192911558838789, 1.3131920939482042, 1.5138884998457744, 0.41927618042795034, 0.6547185930117921, 1.1647791802588192, 1.3902701323063784, 0.38850208932459696, 1.1529790330164975, 0.8244175255315731, 0.8457211307044888, 1.8771341888326936, 1.8138403277974737, 1.7385630514215629, 0.6442436680011546, 0.0, 1.5037128657745498, 1.1779541304968555, 1.5886386986699519, 1.9025152874946967], [1.1862845700445275, 1.4668222652075698, 0.5993284232197233, 1.523242664648421, 0.9363799318353838, 0.6339196249354286, 1.0710851791205362, 1.1456631716599437, 0.43518674011645125, 0.8526217805299466, 1.5702393260657497, 0.8526194608932656, 0.4019728464135038, 1.1604727036538036, 1.303730371349892, 1.5037128657745498, 0.0, 0.9513066726068639, 0.4695871380765216, 0.46642909089506995], [1.5108534675608454, 1.9319699792523544, 0.5067274866676924, 1.4542153567097704, 1.0473333791900739, 1.2170424443085885, 1.7002417415005653, 0.821942859603301, 0.5646602744664588, 0.41338953298130726, 1.740012194510507, 1.756470732892661, 0.9951504970445262, 1.9304053454851962, 0.6171868895568644, 1.1779541304968555, 0.9513066726068639, 0.0, 1.3570438173678896, 1.405586598562072], [0.9865398797822462, 1.1425140488008259, 1.0658172835329907, 1.4798285844321575, 0.9395589912740123, 0.4484236805975227, 0.6983390257293155, 1.2993350875979328, 0.7944179663624829, 1.1477906780703284, 1.3949056851792312, 0.39966663920760126, 0.7980616951213195, 0.7061750623370066, 1.5734045923319586, 1.5886386986699519, 0.4695871380765216, 1.3570438173678896, 0.0, 0.41554338156640896], [1.3940726856608867, 1.554362953773268, 0.989684225361361, 1.8500398931729025, 1.2803171968856462, 0.8356671638969511, 1.1046403264225917, 1.569996227348336, 0.9009143731798728, 1.3146681390176151, 1.8015344767660044, 0.5973601524094061, 0.5588765658023802, 1.0444776778752705, 1.7645981850847223, 1.9025152874946967, 0.46642909089506995, 1.405586598562072, 0.41554338156640896, 0.0]]}