{"name": "k-20", "nodes": [{"index": 0, "id": "0", "x": 430.3968456228432, "y": 193.56870095986528}, {"index": 1, "id": "1", "x": 317.6005416312927, "y": 179.6856123624193}, {"index": 2, "id": "2", "x": 217.559746118684, "y": 389.9975535492025}, {"index": 3, "id": "3", "x": 440.00000000000006, "y": 287.3204717067293}, {"index": 4, "id": "4", "x": 10.0, "y": 184.5866107697309}, {"index": 5, "id": "5", "x": 134.0001160010214, "y": 182.49061920253934}, {"index": 6, "id": "6", "x": 284.90329208946343, "y": 440.0}, {"index": 7, "id": "7", "x": 243.01525358325804, "y": 266.76951716555953}, {"index": 8, "id": "8", "x": 230.16853597777578, "y": 10.0}, {"index": 9, "id": "9", "x": 39.92069011567352, "y": 266.1565674359619}, {"index": 10, "id": "10", "x": 57.66026506804181, "y": 103.04285399311765}, {"index": 11, "id": "11", "x": 370.29336246577043, "y": 391.3731399047738}, {"index": 12, "id": "12", "x": 129.75128925739014, "y": 424.63224681682493}, {"index": 13, "id": "13", "x": 136.57464010362725, "y": 48.283412379215946}, {"index": 14, "id": "14", "x": 223.92367354224285, "y": 119.28361392833207}, {"index": 15, "id": "15", "x": 399.6316329445735, "y": 102.70526600230144}, {"index": 16, "id": "16", "x": 146.72016861582816, "y": 305.13043836755907}, {"index": 17, "id": "17", "x": 320.59810204429516, "y": 56.66389913249387}, {"index": 18, "id": "18", "x": 47.762847148609296, "y": 357.4914691867414}, {"index": 19, "id": "19", "x": 341.48556674568647, "y": 300.2517863386269}], "edges": [{"source": "0", "target": "1"}, {"source": "0", "target": "2"}, {"source": "0", "target": "3"}, {"source": "0", "target": "4"}, {"source": "0", "target": "5"}, {"source": "0", "target": "6"}, {"source": "0", "target": "7"}, {"source": "0", "target": "8"}, {"source": "0", "target": "9"}, {"source": "0", "target": "10"}, {"source": "0", "target": "11"}, {"source": "0", "target": "12"}, {"source": "0", "target": "13"}, {"source": "0", "target": "14"}, {"source": "0", "target": "15"}, {"source": "0", "target": "16"}, {"source": "0", "target": "17"}, {"source": "0", "target": "18"}, {"source": "0", "target": "19"}, {"source": "1", "target": "2"}, {"source": "1", "target": "3"}, {"source": "1", "target": "4"}, {"source": "1", "target": "5"}, {"source": "1", "target": "6"}, {"source": "1", "target": "7"}, {"source": "1", "target": "8"}, {"source": "1", "target": "9"}, {"source": "1", "target": "10"}, {"source": "1", "target": "11"}, {"source": "1", "target": "12"}, {"source": "1", "target": "13"}, {"source": "1", "target": "14"}, {"source": "1", "target": "15"}, {"source": "1", "target": "16"}, {"source": "1", "target": "17"}, {"source": "1", "target": "18"}, {"source": "1", "target": "19"}, {"source": "2", "target": "3"}, {"source": "2", "target": "4"}, {"source": "2", "target": "5"}, {"source": "2", "target": "6"}, {"source": "2", "target": "7"}, {"source": "2", "target": "8"}, {"source": "2", "target": "9"}, {"source": "2", "target": "10"}, {"source": "2", "target": "11"}, {"source": "2", "target": "12"}, {"source": "2", "target": "13"}, {"source": "2", "target": "14"}, {"source": "2", "target": "15"}, {"source": "2", "target": "16"}, {"source": "2", "target": "17"}, {"source": "2", "target": "18"}, {"source": "2", "target": "19"}, {"source": "3", "target": "4"}, {"source": "3", "target": "5"}, {"source": "3", "target": "6"}, {"source": "3", "target": "7"}, {"source": "3", "target": "8"}, {"source": "3", "target": "9"}, {"source": "3", "target": "10"}, {"source": "3", "target": "11"}, {"source": "3", "target": "12"}, {"source": "3", "target": "13"}, {"source": "3", "target": "14"}, {"source": "3", "target": "15"}, {"source": "3", "target": "16"}, {"source": "3", "target": "17"}, {"source": "3", "target": "18"}, {"source": "3", "target": "19"}, {"source": "4", "target": "5"}, {"source": "4", "target": "6"}, {"source": "4", "target": "7"}, {"source": "4", "target": "8"}, {"source": "4", "target": "9"}, {"source": "4", "target": "10"}, {"source": "4", "target": "11"}, {"source": "4", "target": "12"}, {"source": "4", "target": "13"}, {"source": "4", "target": "14"}, {"source": "4", "target": "15"}, {"source": "4", "target": "16"}, {"source": "4", "target": "17"}, {"source": "4", "target": "18"}, {"source": "4", "target": "19"}, {"source": "5", "target": "6"}, {"source": "5", "target": "7"}, {"source": "5", "target": "8"}, {"source": "5", "target": "9"}, {"source": "5", "target": "10"}, {"source": "5", "target": "11"}, {"source": "5", "target": "12"}, {"source": "5", "target": "13"}, {"source": "5", "target": "14"}, {"source": "5", "target": "15"}, {"source": "5", "target": "16"}, {"source": "5", "target": "17"}, {"source": "5", "target": "18"}, {"source": "5", "target": "19"}, {"source": "6", "target": "7"}, {"source": "6", "target": "8"}, {"source": "6", "target": "9"}, {"source": "6", "target": "10"}, {"source": "6", "target": "11"}, {"source": "6", "target": "12"}, {"source": "6", "target": "13"}, {"source": "6", "target": "14"}, {"source": "6", "target": "15"}, {"source": "6", "target": "16"}, {"source": "6", "target": "17"}, {"source": "6", "target": "18"}, {"source": "6", "target": "19"}, {"source": "7", "target": "8"}, {"source": "7", "target": "9"}, {"source": "7", "target": "10"}, {"source": "7", "target": "11"}, {"source": "7", "target": "12"}, {"source": "7", "target": "13"}, {"source": "7", "target": "14"}, {"source": "7", "target": "15"}, {"source": "7", "target": "16"}, {"source": "7", "target": "17"}, {"source": "7", "target": "18"}, {"source": "7", "target": "19"}, {"source": "8", "target": "9"}, {"source": "8", "target": "10"}, {"source": "8", "target": "11"}, {"source": "8", "target": "12"}, {"source": "8", "target": "13"}, {"source": "8", "target": "14"}, {"source": "8", "target": "15"}, {"source": "8", "target": "16"}, {"source": "8", "target": "17"}, {"source": "8", "target": "18"}, {"source": "8", "target": "19"}, {"source": "9", "target": "10"}, {"source": "9", "target": "11"}, {"source": "9", "target": "12"}, {"source": "9", "target": "13"}, {"source": "9", "target": "14"}, {"source": "9", "target": "15"}, {"source": "9", "target": "16"}, {"source": "9", "target": "17"}, {"source": "9", "target": "18"}, {"source": "9", "target": "19"}, {"source": "10", "target": "11"}, {"source": "10", "target": "12"}, {"source": "10", "target": "13"}, {"source": "10", "target": "14"}, {"source": "10", "target": "15"}, {"source": "10", "target": "16"}, {"source": "10", "target": "17"}, {"source": "10", "target": "18"}, {"source": "10", "target": "19"}, {"source": "11", "target": "12"}, {"source": "11", "target": "13"}, {"source": "11", "target": "14"}, {"source": "11", "target": "15"}, {"source": "11", "target": "16"}, {"source": "11", "target": "17"}, {"source": "11", "target": "18"}, {"source": "11", "target": "19"}, {"source": "12", "target": "13"}, {"source": "12", "target": "14"}, {"source": "12", "target": "15"}, {"source": "12", "target": "16"}, {"source": "12", "target": "17"}, {"source": "12", "target": "18"}, {"source": "12", "target": "19"}, {"source": "13", "target": "14"}, {"source": "13", "target": "15"}, {"source": "13", "target": "16"}, {"source": "13", "target": "17"}, {"source": "13", "target": "18"}, {"source": "13", "target": "19"}, {"source": "14", "target": "15"}, {"source": "14", "target": "16"}, {"source": "14", "target": "17"}, {"source": "14", "target": "18"}, {"source": "14", "target": "19"}, {"source": "15", "target": "16"}, {"source": "15", "target": "17"}, {"source": "15", "target": "18"}, {"source": "15", "target": "19"}, {"source": "16", "target": "17"}, {"source": "16", "target": "18"}, {"source": "16", "target": "19"}, {"source": "17", "target": "18"}, {"source": "17", "target": "19"}, {"source": "18", "target": "19"}], "weight": [[1.0, 1.0, 1.0, 1.0, 1.0, 1.0, 1.0, 1.0, 1.0, 1.0, 1.0, 1.0, 1.0, 1.0, 1.0, 1.0, 1.0, 1.0, 1.0, 1.0], [1.0, 1.0, 1.0, 1.0, 1.0, 1.0, 1.0, 1.0, 1.0, 1.0, 1.0, 1.0, 1.0, 1.0, 1.0, 1.0, 1.0, 1.0, 1.0, 1.0], [1.0, 1.0, 1.0, 1.0, 1.0, 1.0, 1.0, 1.0, 1.0, 1.0, 1.0, 1.0, 1.0, 1.0, 1.0, 1.0, 1.0, 1.0, 1.0, 1.0], [1.0, 1.0, 1.0, 1.0, 1.0, 1.0, 1.0, 1.0, 1.0, 1.0, 1.0, 1.0, 1.0, 1.0, 1.0, 1.0, 1.0, 1.0, 1.0, 1.0], [1.0, 1.0, 1.0, 1.0, 1.0, 1.0, 1.0, 1.0, 1.0, 1.0, 1.0, 1.0, 1.0, 1.0, 1.0, 1.0, 1.0, 1.0, 1.0, 1.0], [1.0, 1.0, 1.0, 1.0, 1.0, 1.0, 1.0, 1.0, 1.0, 1.0, 1.0, 1.0, 1.0, 1.0, 1.0, 1.0, 1.0, 1.0, 1.0, 1.0], [1.0, 1.0, 1.0, 1.0, 1.0, 1.0, 1.0, 1.0, 1.0, 1.0, 1.0, 1.0, 1.0, 1.0, 1.0, 1.0, 1.0, 1.0, 1.0, 1.0], [1.0, 1.0, 1.0, 1.0, 1.0, 1.0, 1.0, 1.0, 1.0, 1.0, 1.0, 1.0, 1.0, 1.0, 1.0, 1.0, 1.0, 1.0, 1.0, 1.0], [1.0, 1.0, 1.0, 1.0, 1.0, 1.0, 1.0, 1.0, 1.0, 1.0, 1.0, 1.0, 1.0, 1.0, 1.0, 1.0, 1.0, 1.0, 1.0, 1.0], [1.0, 1.0, 1.0, 1.0, 1.0, 1.0, 1.0, 1.0, 1.0, 1.0, 1.0, 1.0, 1.0, 1.0, 1.0, 1.0, 1.0, 1.0, 1.0, 1.0], [1.0, 1.0, 1.0, 1.0, 1.0, 1.0, 1.0, 1.0, 1.0, 1.0, 1.0, 1.0, 1.0, 1.0, 1.0, 1.0, 1.0, 1.0, 1.0, 1.0], [1.0, 1.0, 1.0, 1.0, 1.0, 1.0, 1.0, 1.0, 1.0, 1.0, 1.0, 1.0, 1.0, 1.0, 1.0, 1.0, 1.0, 1.0, 1.0, 1.0], [1.0, 1.0, 1.0, 1.0, 1.0, 1.0, 1.0, 1.0, 1.0, 1.0, 1.0, 1.0, 1.0, 1.0, 1.0, 1.0, 1.0, 1.0, 1.0, 1.0], [1.0, 1.0, 1.0, 1.0, 1.0, 1.0, 1.0, 1.0, 1.0, 1.0, 1.0, 1.0, 1.0, 1.0, 1.0, 1.0, 1.0, 1.0, 1.0, 1.0], [1.0, 1.0, 1.0, 1.0, 1.0, 1.0, 1.0, 1.0, 1.0, 1.0, 1.0, 1.0, 1.0, 1.0, 1.0, 1.0, 1.0, 1.0, 1.0, 1.0], [1.0, 1.0, 1.0, 1.0, 1.0, 1.0, 1.0, 1.0, 1.0, 1.0, 1.0, 1.0, 1.0, 1.0, 1.0, 1.0, 1.0, 1.0, 1.0, 1.0], [1.0, 1.0, 1.0, 1.0, 1.0, 1.0, 1.0, 1.0, 1.0, 1.0, 1.0, 1.0, 1.0, 1.0, 1.0, 1.0, 1.0, 1.0, 1.0, 1.0], [1.0, 1.0, 1.0, 1.0, 1.0, 1.0, 1.0, 1.0, 1.0, 1.0, 1.0, 1.0, 1.0, 1.0, 1.0, 1.0, 1.0, 1.0, 1.0, 1.0], [1.0, 1.0, 1.0, 1.0, 1.0, 1.0, 1.0, 1.0, 1.0, 1.0, 1.0, 1.0, 1.0, 1.0, 1.0, 1.0, 1.0, 1.0, 1.0, 1.0], [1.0, 1.0, 1.0, 1.0, 1.0, 1.0, 1.0, 1.0, 1.0, 1.0, 1.0, 1.0, 1.0, 1.0, 1.0, 1.0, 1.0, 1.0, 1.0, 1.0]], "shortestPath": [[0.0, 1.0, 1.0, 1.0, 1.0, 1.0, 1.0, 1.0, 1.0, 1.0, 1.0, 1.0, 1.0, 1.0, 1.0, 1.0, 1.0, 1.0, 1.0, 1.0], [1.0, 0.0, 1.0, 1.0, 1.0, 1.0, 1.0, 1.0, 1.0, 1.0, 1.0, 1.0, 1.0, 1.0, 1.0, 1.0, 1.0, 1.0, 1.0, 1.0], [1.0, 1.0, 0.0, 1.0, 1.0, 1.0, 1.0, 1.0, 1.0, 1.0, 1.0, 1.0, 1.0, 1.0, 1.0, 1.0, 1.0, 1.0, 1.0, 1.0], [1.0, 1.0, 1.0, 0.0, 1.0, 1.0, 1.0, 1.0, 1.0, 1.0, 1.0, 1.0, 1.0, 1.0, 1.0, 1.0, 1.0, 1.0, 1.0, 1.0], [1.0, 1.0, 1.0, 1.0, 0.0, 1.0, 1.0, 1.0, 1.0, 1.0, 1.0, 1.0, 1.0, 1.0, 1.0, 1.0, 1.0, 1.0, 1.0, 1.0], [1.0, 1.0, 1.0, 1.0, 1.0, 0.0, 1.0, 1.0, 1.0, 1.0, 1.0, 1.0, 1.0, 1.0, 1.0, 1.0, 1.0, 1.0, 1.0, 1.0], [1.0, 1.0, 1.0, 1.0, 1.0, 1.0, 0.0, 1.0, 1.0, 1.0, 1.0, 1.0, 1.0, 1.0, 1.0, 1.0, 1.0, 1.0, 1.0, 1.0], [1.0, 1.0, 1.0, 1.0, 1.0, 1.0, 1.0, 0.0, 1.0, 1.0, 1.0, 1.0, 1.0, 1.0, 1.0, 1.0, 1.0, 1.0, 1.0, 1.0], [1.0, 1.0, 1.0, 1.0, 1.0, 1.0, 1.0, 1.0, 0.0, 1.0, 1.0, 1.0, 1.0, 1.0, 1.0, 1.0, 1.0, 1.0, 1.0, 1.0], [1.0, 1.0, 1.0, 1.0, 1.0, 1.0, 1.0, 1.0, 1.0, 0.0, 1.0, 1.0, 1.0, 1.0, 1.0, 1.0, 1.0, 1.0, 1.0, 1.0], [1.0, 1.0, 1.0, 1.0, 1.0, 1.0, 1.0, 1.0, 1.0, 1.0, 0.0, 1.0, 1.0, 1.0, 1.0, 1.0, 1.0, 1.0, 1.0, 1.0], [1.0, 1.0, 1.0, 1.0, 1.0, 1.0, 1.0, 1.0, 1.0, 1.0, 1.0, 0.0, 1.0, 1.0, 1.0, 1.0, 1.0, 1.0, 1.0, 1.0], [1.0, 1.0, 1.0, 1.0, 1.0, 1.0, 1.0, 1.0, 1.0, 1.0, 1.0, 1.0, 0.0, 1.0, 1.0, 1.0, 1.0, 1.0, 1.0, 1.0], [1.0, 1.0, 1.0, 1.0, 1.0, 1.0, 1.0, 1.0, 1.0, 1.0, 1.0, 1.0, 1.0, 0.0, 1.0, 1.0, 1.0, 1.0, 1.0, 1.0], [1.0, 1.0, 1.0, 1.0, 1.0, 1.0, 1.0, 1.0, 1.0, 1.0, 1.0, 1.0, 1.0, 1.0, 0.0, 1.0, 1.0, 1.0, 1.0, 1.0], [1.0, 1.0, 1.0, 1.0, 1.0, 1.0, 1.0, 1.0, 1.0, 1.0, 1.0, 1.0, 1.0, 1.0, 1.0, 0.0, 1.0, 1.0, 1.0, 1.0], [1.0, 1.0, 1.0, 1.0, 1.0, 1.0, 1.0, 1.0, 1.0, 1.0, 1.0, 1.0, 1.0, 1.0, 1.0, 1.0, 0.0, 1.0, 1.0, 1.0], [1.0, 1.0, 1.0, 1.0, 1.0, 1.0, 1.0, 1.0, 1.0, 1.0, 1.0, 1.0, 1.0, 1.0, 1.0, 1.0, 1.0, 0.0, 1.0, 1.0], [1.0, 1.0, 1.0, 1.0, 1.0, 1.0, 1.0, 1.0, 1.0, 1.0, 1.0, 1.0, 1.0, 1.0, 1.0, 1.0, 1.0, 1.0, 0.0, 1.0], [1.0, 1.0, 1.0, 1.0, 1.0, 1.0, 1.0, 1.0, 1.0, 1.0, 1.0, 1.0, 1.0, 1.0, 1.0, 1.0, 1.0, 1.0, 1.0, 0.0]], "euclideanDistance": [[0.0, 0.5019220579480149, 1.294851285079593, 0.42734078474343745, 1.856352634705514, 1.3094526552720853, 1.2891505639106124, 0.8913680051209212, 1.2143308814208233, 1.7549758599936236, 1.6959569766698621, 0.9356006239997553, 1.691145109538054, 1.4549140430804657, 0.9717879160750542, 0.4339345785119876, 1.3506996748547746, 0.7877511249215022, 1.8455861889194793, 0.6230659878058243], [0.5019220579480149, 0.0, 1.051194708644431, 0.7282313865763281, 1.358131102423393, 0.8106317253559836, 1.1895064698081506, 0.5142312739272006, 0.861011114801132, 1.2870741749999335, 1.1990447677164018, 0.9879344785550813, 1.3863864087768794, 0.9969395675258741, 0.4960667203572968, 0.5030492560968644, 0.9448955918609743, 0.5581501402128187, 1.4385618154749695, 0.5569286114860026], [1.294851285079593, 1.051194708644431, 0.0, 1.0868336680368822, 1.3067732755649126, 1.0109036005783483, 0.3739296881778412, 0.5701143219991427, 1.7244648151667534, 0.9646292933374749, 1.4806502602368923, 0.6742945419617378, 0.41826553989333576, 1.5906233290146183, 1.2282066363958326, 1.5310409942952563, 0.49595941812226746, 1.5788573039338116, 0.7639565094743943, 0.681913937490287], [0.42734078474343745, 0.7282313865763281, 1.0868336680368822, 0.0, 1.9546544865522306, 1.4321192376917067, 0.9738509026251104, 0.8746004554563502, 1.5621398213164908, 1.7688174023433965, 1.8835107379379499, 0.5634175909073853, 1.5045945170178827, 1.7233143128764232, 1.2209959638795995, 0.8561186969468056, 1.2972458401748623, 1.1714857868677973, 1.760597914190636, 0.4388441229924076], [1.856352634705514, 1.358131102423393, 1.3067732755649126, 1.9546544865522306, 0.0, 0.5474998324748056, 1.677772446482441, 1.0941363962740085, 1.2537108021524175, 0.39285147501962325, 0.42551893326322543, 1.8465157026084908, 1.2103421586668381, 0.8333379914352305, 0.9897580209014146, 1.759725527354628, 0.8143949927918875, 1.4888920685112066, 0.8017728913203807, 1.5545906693971765], [1.3094526552720853, 0.8106317253559836, 1.0109036005783483, 1.4321192376917067, 0.5474998324748056, 0.0, 1.3446225878376892, 0.6146075196993582, 0.890138679089125, 0.562589515974724, 0.49338933296626725, 1.4091838753129005, 1.0984491450246925, 0.6088337167173982, 0.48967860612612374, 1.2272395165605319, 0.5590882978292548, 1.0021505022224777, 0.8803338381431326, 1.0603347580875206], [1.2891505639106124, 1.1895064698081506, 0.3739296881778412, 0.9738509026251104, 1.677772446482441, 1.3446225878376892, 0.0, 0.8071940202514573, 1.9652751316243704, 1.3384367505961363, 1.828182408963416, 0.43674978967218847, 0.6884796286450869, 1.8935480808497502, 1.4793825990114289, 1.6115376696697767, 0.8639171780489124, 1.745835143042395, 1.1117718198043707, 0.6813033236303272], [0.8913680051209212, 0.5142312739272006, 0.5701143219991427, 0.8746004554563502, 1.0941363962740085, 0.6146075196993582, 0.8071940202514573, 0.0, 1.1660172037696932, 0.8965960118206346, 1.1050170336869412, 0.7969529107172763, 0.8733323532000227, 1.0967558003534077, 0.6742447374728794, 1.0157775944243739, 0.4593386990494297, 1.0126610314641962, 0.9551537961090516, 0.4604759030764941], [1.2143308814208233, 0.861011114801132, 1.7244648151667534, 1.5621398213164908, 1.2537108021524175, 0.890138679089125, 1.9652751316243704, 1.1660172037696932, 0.0, 1.4336340294184107, 0.8706768046265208, 1.8370889537033008, 1.9322014848309546, 0.44818894903672135, 0.49644701386281764, 0.8581915796803075, 1.3883985751408439, 0.45185218265160054, 1.7699201291003852, 1.4052335393045001], [1.7549758599936236, 1.2870741749999335, 0.9646292933374749, 1.7688174023433965, 0.39285147501962325, 0.562589515974724, 1.3384367505961363, 0.8965960118206346, 1.4336340294184107, 0.0, 0.7439730543225795, 1.565161328937457, 0.8209420980753217, 1.0763985139116725, 1.0505410312369454, 1.7525324092913683, 0.5035326203374002, 1.5614849928813062, 0.415714519727087, 1.34025573378246], [1.6959569766698621, 1.1990447677164018, 1.4806502602368923, 1.8835107379379499, 0.42551893326322543, 0.49338933296626725, 1.828182408963416, 1.1050170336869412, 0.8706768046265208, 0.7439730543225795, 0.0, 1.9013597013098014, 1.4929586480713388, 0.4278526666426358, 0.7376821722438065, 1.5096851586320208, 0.9973784970661811, 1.179686390896769, 1.154936961789171, 1.53950944170541], [0.9356006239997553, 0.9879344785550813, 0.6742945419617378, 0.5634175909073853, 1.8465157026084908, 1.4091838753129005, 0.43674978967218847, 0.7969529107172763, 1.8370889537033008, 1.565161328937457, 1.9013597013098014, 0.0, 1.07257102640103, 1.8671434947072956, 1.3930544095650825, 1.3157098601037247, 1.0616879329326985, 1.533920533077395, 1.432129070513598, 0.4324259905076735], [1.691145109538054, 1.3863864087768794, 0.41826553989333576, 1.5045945170178827, 1.2103421586668381, 1.0984491450246925, 0.6884796286450869, 0.8733323532000227, 1.9322014848309546, 0.8209420980753217, 1.4929586480713388, 1.07257102640103, 0.0, 1.7072823652533478, 1.4460307017710323, 1.8845708551527611, 0.5471800567174405, 1.8696045603801381, 0.47302017156078857, 1.091786609170034], [1.4549140430804657, 0.9969395675258741, 1.5906233290146183, 1.7233143128764232, 0.8333379914352305, 0.6088337167173982, 1.8935480808497502, 1.0967558003534077, 0.44818894903672135, 1.0763985139116725, 0.4278526666426358, 1.8671434947072956, 1.7072823652533478, 0.0, 0.502401868470793, 1.1872491342852323, 1.1658493555075966, 0.8132882190907291, 1.4562565735535018, 1.4575492538095807], [0.9717879160750542, 0.4960667203572968, 1.2282066363958326, 1.2209959638795995, 0.9897580209014146, 0.48967860612612374, 1.4793825990114289, 0.6742447374728794, 0.49644701386281764, 1.0505410312369454, 0.7376821722438065, 1.3930544095650825, 1.4460307017710323, 0.502401868470793, 0.0, 0.7793255451714309, 0.9092464385803756, 0.5126551734467372, 1.3312265657312432, 0.9711362028620508], [0.4339345785119876, 0.5030492560968644, 1.5310409942952563, 0.8561186969468056, 1.759725527354628, 1.2272395165605319, 1.6115376696697767, 1.0157775944243739, 0.8581915796803075, 1.7525324092913683, 1.5096851586320208, 1.3157098601037247, 1.8845708551527611, 1.1872491342852323, 0.7793255451714309, 0.0, 1.445544785314322, 0.40662699031827987, 1.9361018235241105, 0.9320620787574009], [1.3506996748547746, 0.9448955918609743, 0.49595941812226746, 1.2972458401748623, 0.8143949927918875, 0.5590882978292548, 0.8639171780489124, 0.4593386990494297, 1.3883985751408439, 0.5035326203374002, 0.9973784970661811, 1.0616879329326985, 0.5471800567174405, 1.1658493555075966, 0.9092464385803756, 1.445544785314322, 0.0, 1.363562669437918, 0.4972449916164144, 0.860106037566738], [0.7877511249215022, 0.5581501402128187, 1.5788573039338116, 1.1714857868677973, 1.4888920685112066, 1.0021505022224777, 1.745835143042395, 1.0126610314641962, 0.45185218265160054, 1.5614849928813062, 1.179686390896769, 1.533920533077395, 1.8696045603801381, 0.8132882190907291, 0.5126551734467372, 0.40662699031827987, 1.363562669437918, 0.0, 1.820038317508564, 1.108690118480325], [1.8455861889194793, 1.4385618154749695, 0.7639565094743943, 1.760597914190636, 0.8017728913203807, 0.8803338381431326, 1.1117718198043707, 0.9551537961090516, 1.7699201291003852, 0.415714519727087, 1.154936961789171, 1.432129070513598, 0.47302017156078857, 1.4562565735535018, 1.3312265657312432, 1.9361018235241105, 0.4972449916164144, 1.820038317508564, 0.0, 1.3224191360226576], [0.6230659878058243, 0.5569286114860026, 0.681913937490287, 0.4388441229924076, 1.5545906693971765, 1.0603347580875206, 0.6813033236303272, 0.4604759030764941, 1.4052335393045001, 1.34025573378246, 1.53950944170541, 0.4324259905076735, 1.091786609170034, 1.4575492538095807, 0.9711362028620508, 0.9320620787574009, 0.860106037566738, 1.108690118480325, 1.3224191360226576, 0.0]]}