{"name": "k-20", "nodes": [{"index": 0, "id": "0", "x": 258.77827427648054, "y": 10.0}, {"index": 1, "id": "1", "x": 272.88036684484916, "y": 440.0}, {"index": 2, "id": "2", "x": 78.46582511411515, "y": 67.96704848994602}, {"index": 3, "id": "3", "x": 18.029261571311167, "y": 137.0179076094449}, {"index": 4, "id": "4", "x": 224.10187190865716, "y": 351.6342276140285}, {"index": 5, "id": "5", "x": 440.0, "y": 214.20456963638352}, {"index": 6, "id": "6", "x": 10.0, "y": 302.3540982716131}, {"index": 7, "id": "7", "x": 157.14404183135605, "y": 434.7365657798615}, {"index": 8, "id": "8", "x": 310.93801848911835, "y": 183.38703611695942}, {"index": 9, "id": "9", "x": 228.76637762245258, "y": 109.52456246616507}, {"index": 10, "id": "10", "x": 33.32183921483147, "y": 219.44514461437757}, {"index": 11, "id": "11", "x": 401.09877625213414, "y": 128.97774103059612}, {"index": 12, "id": "12", "x": 139.10092719266356, "y": 287.59041825074735}, {"index": 13, "id": "13", "x": 154.38026272411668, "y": 18.6825475468128}, {"index": 14, "id": "14", "x": 295.66040928266506, "y": 280.5792465076803}, {"index": 15, "id": "15", "x": 154.35479655533226, "y": 182.46355086389607}, {"index": 16, "id": "16", "x": 72.51755007714823, "y": 379.1836427787176}, {"index": 17, "id": "17", "x": 354.6897681987869, "y": 50.894713329920705}, {"index": 18, "id": "18", "x": 416.5204126917584, "y": 305.7219049606499}, {"index": 19, "id": "19", "x": 365.2498774520901, "y": 387.65699671145535}], "edges": [{"source": "0", "target": "1"}, {"source": "0", "target": "2"}, {"source": "0", "target": "3"}, {"source": "0", "target": "4"}, {"source": "0", "target": "5"}, {"source": "0", "target": "6"}, {"source": "0", "target": "7"}, {"source": "0", "target": "8"}, {"source": "0", "target": "9"}, {"source": "0", "target": "10"}, {"source": "0", "target": "11"}, {"source": "0", "target": "12"}, {"source": "0", "target": "13"}, {"source": "0", "target": "14"}, {"source": "0", "target": "15"}, {"source": "0", "target": "16"}, {"source": "0", "target": "17"}, {"source": "0", "target": "18"}, {"source": "0", "target": "19"}, {"source": "1", "target": "2"}, {"source": "1", "target": "3"}, {"source": "1", "target": "4"}, {"source": "1", "target": "5"}, {"source": "1", "target": "6"}, {"source": "1", "target": "7"}, {"source": "1", "target": "8"}, {"source": "1", "target": "9"}, {"source": "1", "target": "10"}, {"source": "1", "target": "11"}, {"source": "1", "target": "12"}, {"source": "1", "target": "13"}, {"source": "1", "target": "14"}, {"source": "1", "target": "15"}, {"source": "1", "target": "16"}, {"source": "1", "target": "17"}, {"source": "1", "target": "18"}, {"source": "1", "target": "19"}, {"source": "2", "target": "3"}, {"source": "2", "target": "4"}, {"source": "2", "target": "5"}, {"source": "2", "target": "6"}, {"source": "2", "target": "7"}, {"source": "2", "target": "8"}, {"source": "2", "target": "9"}, {"source": "2", "target": "10"}, {"source": "2", "target": "11"}, {"source": "2", "target": "12"}, {"source": "2", "target": "13"}, {"source": "2", "target": "14"}, {"source": "2", "target": "15"}, {"source": "2", "target": "16"}, {"source": "2", "target": "17"}, {"source": "2", "target": "18"}, {"source": "2", "target": "19"}, {"source": "3", "target": "4"}, {"source": "3", "target": "5"}, {"source": "3", "target": "6"}, {"source": "3", "target": "7"}, {"source": "3", "target": "8"}, {"source": "3", "target": "9"}, {"source": "3", "target": "10"}, {"source": "3", "target": "11"}, {"source": "3", "target": "12"}, {"source": "3", "target": "13"}, {"source": "3", "target": "14"}, {"source": "3", "target": "15"}, {"source": "3", "target": "16"}, {"source": "3", "target": "17"}, {"source": "3", "target": "18"}, {"source": "3", "target": "19"}, {"source": "4", "target": "5"}, {"source": "4", "target": "6"}, {"source": "4", "target": "7"}, {"source": "4", "target": "8"}, {"source": "4", "target": "9"}, {"source": "4", "target": "10"}, {"source": "4", "target": "11"}, {"source": "4", "target": "12"}, {"source": "4", "target": "13"}, {"source": "4", "target": "14"}, {"source": "4", "target": "15"}, {"source": "4", "target": "16"}, {"source": "4", "target": "17"}, {"source": "4", "target": "18"}, {"source": "4", "target": "19"}, {"source": "5", "target": "6"}, {"source": "5", "target": "7"}, {"source": "5", "target": "8"}, {"source": "5", "target": "9"}, {"source": "5", "target": "10"}, {"source": "5", "target": "11"}, {"source": "5", "target": "12"}, {"source": "5", "target": "13"}, {"source": "5", "target": "14"}, {"source": "5", "target": "15"}, {"source": "5", "target": "16"}, {"source": "5", "target": "17"}, {"source": "5", "target": "18"}, {"source": "5", "target": "19"}, {"source": "6", "target": "7"}, {"source": "6", "target": "8"}, {"source": "6", "target": "9"}, {"source": "6", "target": "10"}, {"source": "6", "target": "11"}, {"source": "6", "target": "12"}, {"source": "6", "target": "13"}, {"source": "6", "target": "14"}, {"source": "6", "target": "15"}, {"source": "6", "target": "16"}, {"source": "6", "target": "17"}, {"source": "6", "target": "18"}, {"source": "6", "target": "19"}, {"source": "7", "target": "8"}, {"source": "7", "target": "9"}, {"source": "7", "target": "10"}, {"source": "7", "target": "11"}, {"source": "7", "target": "12"}, {"source": "7", "target": "13"}, {"source": "7", "target": "14"}, {"source": "7", "target": "15"}, {"source": "7", "target": "16"}, {"source": "7", "target": "17"}, {"source": "7", "target": "18"}, {"source": "7", "target": "19"}, {"source": "8", "target": "9"}, {"source": "8", "target": "10"}, {"source": "8", "target": "11"}, {"source": "8", "target": "12"}, {"source": "8", "target": "13"}, {"source": "8", "target": "14"}, {"source": "8", "target": "15"}, {"source": "8", "target": "16"}, {"source": "8", "target": "17"}, {"source": "8", "target": "18"}, {"source": "8", "target": "19"}, {"source": "9", "target": "10"}, {"source": "9", "target": "11"}, {"source": "9", "target": "12"}, {"source": "9", "target": "13"}, {"source": "9", "target": "14"}, {"source": "9", "target": "15"}, {"source": "9", "target": "16"}, {"source": "9", "target": "17"}, {"source": "9", "target": "18"}, {"source": "9", "target": "19"}, {"source": "10", "target": "11"}, {"source": "10", "target": "12"}, {"source": "10", "target": "13"}, {"source": "10", "target": "14"}, {"source": "10", "target": "15"}, {"source": "10", "target": "16"}, {"source": "10", "target": "17"}, {"source": "10", "target": "18"}, {"source": "10", "target": "19"}, {"source": "11", "target": "12"}, {"source": "11", "target": "13"}, {"source": "11", "target": "14"}, {"source": "11", "target": "15"}, {"source": "11", "target": "16"}, {"source": "11", "target": "17"}, {"source": "11", "target": "18"}, {"source": "11", "target": "19"}, {"source": "12", "target": "13"}, {"source": "12", "target": "14"}, {"source": "12", "target": "15"}, {"source": "12", "target": "16"}, {"source": "12", "target": "17"}, {"source": "12", "target": "18"}, {"source": "12", "target": "19"}, {"source": "13", "target": "14"}, {"source": "13", "target": "15"}, {"source": "13", "target": "16"}, {"source": "13", "target": "17"}, {"source": "13", "target": "18"}, {"source": "13", "target": "19"}, {"source": "14", "target": "15"}, {"source": "14", "target": "16"}, {"source": "14", "target": "17"}, {"source": "14", "target": "18"}, {"source": "14", "target": "19"}, {"source": "15", "target": "16"}, {"source": "15", "target": "17"}, {"source": "15", "target": "18"}, {"source": "15", "target": "19"}, {"source": "16", "target": "17"}, {"source": "16", "target": "18"}, {"source": "16", "target": "19"}, {"source": "17", "target": "18"}, {"source": "17", "target": "19"}, {"source": "18", "target": "19"}], "weight": [[1.0, 1.0, 1.0, 1.0, 1.0, 1.0, 1.0, 1.0, 1.0, 1.0, 1.0, 1.0, 1.0, 1.0, 1.0, 1.0, 1.0, 1.0, 1.0, 1.0], [1.0, 1.0, 1.0, 1.0, 1.0, 1.0, 1.0, 1.0, 1.0, 1.0, 1.0, 1.0, 1.0, 1.0, 1.0, 1.0, 1.0, 1.0, 1.0, 1.0], [1.0, 1.0, 1.0, 1.0, 1.0, 1.0, 1.0, 1.0, 1.0, 1.0, 1.0, 1.0, 1.0, 1.0, 1.0, 1.0, 1.0, 1.0, 1.0, 1.0], [1.0, 1.0, 1.0, 1.0, 1.0, 1.0, 1.0, 1.0, 1.0, 1.0, 1.0, 1.0, 1.0, 1.0, 1.0, 1.0, 1.0, 1.0, 1.0, 1.0], [1.0, 1.0, 1.0, 1.0, 1.0, 1.0, 1.0, 1.0, 1.0, 1.0, 1.0, 1.0, 1.0, 1.0, 1.0, 1.0, 1.0, 1.0, 1.0, 1.0], [1.0, 1.0, 1.0, 1.0, 1.0, 1.0, 1.0, 1.0, 1.0, 1.0, 1.0, 1.0, 1.0, 1.0, 1.0, 1.0, 1.0, 1.0, 1.0, 1.0], [1.0, 1.0, 1.0, 1.0, 1.0, 1.0, 1.0, 1.0, 1.0, 1.0, 1.0, 1.0, 1.0, 1.0, 1.0, 1.0, 1.0, 1.0, 1.0, 1.0], [1.0, 1.0, 1.0, 1.0, 1.0, 1.0, 1.0, 1.0, 1.0, 1.0, 1.0, 1.0, 1.0, 1.0, 1.0, 1.0, 1.0, 1.0, 1.0, 1.0], [1.0, 1.0, 1.0, 1.0, 1.0, 1.0, 1.0, 1.0, 1.0, 1.0, 1.0, 1.0, 1.0, 1.0, 1.0, 1.0, 1.0, 1.0, 1.0, 1.0], [1.0, 1.0, 1.0, 1.0, 1.0, 1.0, 1.0, 1.0, 1.0, 1.0, 1.0, 1.0, 1.0, 1.0, 1.0, 1.0, 1.0, 1.0, 1.0, 1.0], [1.0, 1.0, 1.0, 1.0, 1.0, 1.0, 1.0, 1.0, 1.0, 1.0, 1.0, 1.0, 1.0, 1.0, 1.0, 1.0, 1.0, 1.0, 1.0, 1.0], [1.0, 1.0, 1.0, 1.0, 1.0, 1.0, 1.0, 1.0, 1.0, 1.0, 1.0, 1.0, 1.0, 1.0, 1.0, 1.0, 1.0, 1.0, 1.0, 1.0], [1.0, 1.0, 1.0, 1.0, 1.0, 1.0, 1.0, 1.0, 1.0, 1.0, 1.0, 1.0, 1.0, 1.0, 1.0, 1.0, 1.0, 1.0, 1.0, 1.0], [1.0, 1.0, 1.0, 1.0, 1.0, 1.0, 1.0, 1.0, 1.0, 1.0, 1.0, 1.0, 1.0, 1.0, 1.0, 1.0, 1.0, 1.0, 1.0, 1.0], [1.0, 1.0, 1.0, 1.0, 1.0, 1.0, 1.0, 1.0, 1.0, 1.0, 1.0, 1.0, 1.0, 1.0, 1.0, 1.0, 1.0, 1.0, 1.0, 1.0], [1.0, 1.0, 1.0, 1.0, 1.0, 1.0, 1.0, 1.0, 1.0, 1.0, 1.0, 1.0, 1.0, 1.0, 1.0, 1.0, 1.0, 1.0, 1.0, 1.0], [1.0, 1.0, 1.0, 1.0, 1.0, 1.0, 1.0, 1.0, 1.0, 1.0, 1.0, 1.0, 1.0, 1.0, 1.0, 1.0, 1.0, 1.0, 1.0, 1.0], [1.0, 1.0, 1.0, 1.0, 1.0, 1.0, 1.0, 1.0, 1.0, 1.0, 1.0, 1.0, 1.0, 1.0, 1.0, 1.0, 1.0, 1.0, 1.0, 1.0], [1.0, 1.0, 1.0, 1.0, 1.0, 1.0, 1.0, 1.0, 1.0, 1.0, 1.0, 1.0, 1.0, 1.0, 1.0, 1.0, 1.0, 1.0, 1.0, 1.0], [1.0, 1.0, 1.0, 1.0, 1.0, 1.0, 1.0, 1.0, 1.0, 1.0, 1.0, 1.0, 1.0, 1.0, 1.0, 1.0, 1.0, 1.0, 1.0, 1.0]], "shortestPath": [[0.0, 1.0, 1.0, 1.0, 1.0, 1.0, 1.0, 1.0, 1.0, 1.0, 1.0, 1.0, 1.0, 1.0, 1.0, 1.0, 1.0, 1.0, 1.0, 1.0], [1.0, 0.0, 1.0, 1.0, 1.0, 1.0, 1.0, 1.0, 1.0, 1.0, 1.0, 1.0, 1.0, 1.0, 1.0, 1.0, 1.0, 1.0, 1.0, 1.0], [1.0, 1.0, 0.0, 1.0, 1.0, 1.0, 1.0, 1.0, 1.0, 1.0, 1.0, 1.0, 1.0, 1.0, 1.0, 1.0, 1.0, 1.0, 1.0, 1.0], [1.0, 1.0, 1.0, 0.0, 1.0, 1.0, 1.0, 1.0, 1.0, 1.0, 1.0, 1.0, 1.0, 1.0, 1.0, 1.0, 1.0, 1.0, 1.0, 1.0], [1.0, 1.0, 1.0, 1.0, 0.0, 1.0, 1.0, 1.0, 1.0, 1.0, 1.0, 1.0, 1.0, 1.0, 1.0, 1.0, 1.0, 1.0, 1.0, 1.0], [1.0, 1.0, 1.0, 1.0, 1.0, 0.0, 1.0, 1.0, 1.0, 1.0, 1.0, 1.0, 1.0, 1.0, 1.0, 1.0, 1.0, 1.0, 1.0, 1.0], [1.0, 1.0, 1.0, 1.0, 1.0, 1.0, 0.0, 1.0, 1.0, 1.0, 1.0, 1.0, 1.0, 1.0, 1.0, 1.0, 1.0, 1.0, 1.0, 1.0], [1.0, 1.0, 1.0, 1.0, 1.0, 1.0, 1.0, 0.0, 1.0, 1.0, 1.0, 1.0, 1.0, 1.0, 1.0, 1.0, 1.0, 1.0, 1.0, 1.0], [1.0, 1.0, 1.0, 1.0, 1.0, 1.0, 1.0, 1.0, 0.0, 1.0, 1.0, 1.0, 1.0, 1.0, 1.0, 1.0, 1.0, 1.0, 1.0, 1.0], [1.0, 1.0, 1.0, 1.0, 1.0, 1.0, 1.0, 1.0, 1.0, 0.0, 1.0, 1.0, 1.0, 1.0, 1.0, 1.0, 1.0, 1.0, 1.0, 1.0], [1.0, 1.0, 1.0, 1.0, 1.0, 1.0, 1.0, 1.0, 1.0, 1.0, 0.0, 1.0, 1.0, 1.0, 1.0, 1.0, 1.0, 1.0, 1.0, 1.0], [1.0, 1.0, 1.0, 1.0, 1.0, 1.0, 1.0, 1.0, 1.0, 1.0, 1.0, 0.0, 1.0, 1.0, 1.0, 1.0, 1.0, 1.0, 1.0, 1.0], [1.0, 1.0, 1.0, 1.0, 1.0, 1.0, 1.0, 1.0, 1.0, 1.0, 1.0, 1.0, 0.0, 1.0, 1.0, 1.0, 1.0, 1.0, 1.0, 1.0], [1.0, 1.0, 1.0, 1.0, 1.0, 1.0, 1.0, 1.0, 1.0, 1.0, 1.0, 1.0, 1.0, 0.0, 1.0, 1.0, 1.0, 1.0, 1.0, 1.0], [1.0, 1.0, 1.0, 1.0, 1.0, 1.0, 1.0, 1.0, 1.0, 1.0, 1.0, 1.0, 1.0, 1.0, 0.0, 1.0, 1.0, 1.0, 1.0, 1.0], [1.0, 1.0, 1.0, 1.0, 1.0, 1.0, 1.0, 1.0, 1.0, 1.0, 1.0, 1.0, 1.0, 1.0, 1.0, 0.0, 1.0, 1.0, 1.0, 1.0], [1.0, 1.0, 1.0, 1.0, 1.0, 1.0, 1.0, 1.0, 1.0, 1.0, 1.0, 1.0, 1.0, 1.0, 1.0, 1.0, 0.0, 1.0, 1.0, 1.0], [1.0, 1.0, 1.0, 1.0, 1.0, 1.0, 1.0, 1.0, 1.0, 1.0, 1.0, 1.0, 1.0, 1.0, 1.0, 1.0, 1.0, 0.0, 1.0, 1.0], [1.0, 1.0, 1.0, 1.0, 1.0, 1.0, 1.0, 1.0, 1.0, 1.0, 1.0, 1.0, 1.0, 1.0, 1.0, 1.0, 1.0, 1.0, 0.0, 1.0], [1.0, 1.0, 1.0, 1.0, 1.0, 1.0, 1.0, 1.0, 1.0, 1.0, 1.0, 1.0, 1.0, 1.0, 1.0, 1.0, 1.0, 1.0, 1.0, 0.0]], "euclideanDistance": [[0.0, 1.9963040583928258, 0.8601405999237508, 1.2398848666567184, 1.5930146871017588, 1.2538295093771483, 1.7637848522198953, 2.023943851452815, 0.8385427448865816, 0.48141764191329234, 1.4099959668423496, 0.8489022373493209, 1.3975614029149261, 0.47474379026872804, 1.2666115653726822, 0.9296715791608694, 1.909687883349219, 0.4742014165234338, 1.5471892231046498, 1.8175919492075807], [1.9963040583928258, 0.0, 1.938067642125618, 1.8193300421629541, 0.46580719757826333, 1.2927239533007864, 1.3515581586026302, 0.5249739119263677, 1.2031541486534452, 1.5464405210307512, 1.4918374003789363, 1.555747149471427, 0.9314366495775112, 2.0273844679545268, 0.746908701075888, 1.3101462969003537, 0.9506998785981174, 1.8431805072366072, 0.9010070913679367, 0.48389917242157376], [0.8601405999237508, 1.938067642125618, 0.0, 0.4214859794534459, 1.4724161540599419, 1.7731070328959462, 1.1309780203757172, 1.7388164878089512, 1.1816771173498066, 0.7077921440959194, 0.7320453538605552, 1.4890216793312057, 1.0554782677948111, 0.41305560459142027, 1.393480337270352, 0.6328514005038848, 1.444355248947597, 1.2540852682330477, 1.8876786766978262, 1.972068854490723], [1.2398848666567184, 1.8193300421629541, 0.4214859794534459, 0.0, 1.3651283008421304, 1.9452218653001296, 0.768053267205371, 1.5184803716771293, 1.344507988692896, 0.9633421330639192, 0.38870380964192625, 1.7361027586595312, 0.8883133985667256, 0.826559075402031, 1.4234512277642037, 0.6526998648996638, 1.1504971768792598, 1.5768993398805493, 1.9679725608362748, 1.956469904915916], [1.5930146871017588, 0.46580719757826333, 1.4724161540599419, 1.3651283008421304, 0.0, 1.1677408164253587, 0.9966895439670517, 0.4906526091578001, 0.8742422449765053, 1.1236333519008324, 1.0599430279277502, 1.3079018867494583, 0.4864646311360548, 1.5769264817715654, 0.4624236285848413, 0.8462106498285844, 0.6986291392508759, 1.515748738097223, 0.897506897573817, 0.6610294680155901], [1.2538295093771483, 1.2927239533007864, 1.7731070328959462, 1.9452218653001296, 1.1677408164253587, 0.0, 1.9908180251774268, 1.640042850439092, 0.6020146940671071, 1.0733092166649731, 1.842833927296677, 0.4329711191879394, 1.4052666279473442, 1.580491076901534, 0.7229002904074002, 1.3026220897052347, 1.8326269263121846, 0.8506818382631385, 0.43778115636808546, 0.8732132708351802], [1.7637848522198953, 1.3515581586026302, 1.1309780203757172, 0.768053267205371, 0.9966895439670517, 1.9908180251774268, 0.0, 0.9065585228185078, 1.4710661074358498, 1.3353496757885162, 0.39896220268082344, 1.9461489875285707, 0.5889587882669364, 1.4698930725958785, 1.29827537639891, 0.8586632696541905, 0.4553419596119123, 1.949536251446357, 1.8420250078449376, 1.657603099958166], [2.023943851452815, 0.5249739119263677, 1.7388164878089512, 1.5184803716771293, 0.4906526091578001, 1.640042850439092, 0.9065585228185078, 0.0, 1.3586286453705567, 1.5435454530716264, 1.145755571588686, 1.7985468559125748, 0.6876629382603525, 1.9306098227526824, 0.9516257672324209, 1.1706626471927006, 0.4620379836330065, 1.993362222859438, 1.3189323389131882, 0.9679103800373938], [0.8385427448865816, 1.2031541486534452, 1.1816771173498066, 1.344507988692896, 0.8742422449765053, 0.6020146940671071, 1.4710661074358498, 1.3586286453705567, 0.0, 0.5060553578972825, 1.268967863910422, 0.48024030048512106, 0.9165222001837408, 1.042735547527569, 0.4562719012526899, 0.7094971920874088, 1.411546299390076, 0.6459608362116195, 0.7423601967248445, 0.9792760967617141], [0.48141764191329234, 1.5464405210307512, 0.7077921440959194, 0.9633421330639192, 1.1236333519008324, 1.0733092166649731, 1.3353496757885162, 1.5435454530716264, 0.5060553578972825, 0.0, 1.021949582587406, 0.7860444725627211, 0.9207418676060523, 0.5397061217651602, 0.8496294436868401, 0.47773087231896544, 1.4376698111481663, 0.6321042557221561, 1.2460096259759486, 1.4311002241370887], [1.4099959668423496, 1.4918374003789363, 0.7320453538605552, 0.38870380964192625, 1.0599430279277502, 1.842833927296677, 0.39896220268082344, 1.145755571588686, 1.268967863910422, 1.021949582587406, 0.0, 1.7184715657513305, 0.574199144712094, 1.081068369022498, 1.2220460866112302, 0.5746258197360892, 0.7621962329776873, 1.6528772837868686, 1.7818427844535432, 1.6944569135201044], [0.8489022373493209, 1.555747149471427, 1.4890216793312057, 1.7361027586595312, 1.3079018867494583, 0.4329711191879394, 1.9461489875285707, 1.7985468559125748, 0.48024030048512106, 0.7860444725627211, 1.7184715657513305, 0.0, 1.3967617557065615, 1.2294749949689443, 0.8503503802846816, 1.1452216569134497, 1.8879863790537625, 0.418919840647331, 0.82309768233745, 1.211261282449293], [1.3975614029149261, 0.9314366495775112, 1.0554782677948111, 0.8883133985667256, 0.4864646311360548, 1.4052666279473442, 0.5889587882669364, 0.6876629382603525, 0.9165222001837408, 0.9207418676060523, 0.574199144712094, 1.3967617557065615, 0.0, 1.2497024129800005, 0.7101223051910429, 0.4926805726881348, 0.5212017431749411, 1.46986699296446, 1.259810210580642, 1.1249835771278842], [0.47474379026872804, 2.0273844679545268, 0.41305560459142027, 0.826559075402031, 1.5769264817715654, 1.580491076901534, 1.4698930725958785, 1.9306098227526824, 1.042735547527569, 0.5397061217651602, 1.081068369022498, 1.2294749949689443, 1.2497024129800005, 0.0, 1.3735425399941692, 0.7599747909602724, 1.7134236927728377, 0.9198351340297741, 1.7845984741134704, 1.9606693268109552], [1.2666115653726822, 0.746908701075888, 1.393480337270352, 1.4234512277642037, 0.4624236285848413, 0.7229002904074002, 1.29827537639891, 0.9516257672324209, 0.4562719012526899, 0.8496294436868401, 1.2220460866112302, 0.8503503802846816, 0.7101223051910429, 1.3735425399941692, 0.0, 0.7856268871249457, 1.109776951131087, 1.098828123997057, 0.5599106480676674, 0.5884664344031844], [0.9296715791608694, 1.3101462969003537, 0.6328514005038848, 0.6526998648996638, 0.8462106498285844, 1.3026220897052347, 0.8586632696541905, 1.1706626471927006, 0.7094971920874088, 0.47773087231896544, 0.5746258197360892, 1.1452216569134497, 0.4926805726881348, 0.7599747909602724, 0.7856268871249457, 0.0, 0.9852591566561216, 1.0939287644324092, 1.318400968776794, 1.3489565750945773], [1.909687883349219, 0.9506998785981174, 1.444355248947597, 1.1504971768792598, 0.6986291392508759, 1.8326269263121846, 0.4553419596119123, 0.4620379836330065, 1.411546299390076, 1.4376698111481663, 0.7621962329776873, 1.8879863790537625, 0.5212017431749411, 1.7134236927728377, 1.109776951131087, 0.9852591566561216, 0.0, 1.9887577226508228, 1.5955279458643852, 1.3269634048845], [0.4742014165234338, 1.8431805072366072, 1.2540852682330477, 1.5768993398805493, 1.515748738097223, 0.8506818382631385, 1.949536251446357, 1.993362222859438, 0.6459608362116195, 0.6321042557221561, 1.6528772837868686, 0.418919840647331, 1.46986699296446, 0.9198351340297741, 1.098828123997057, 1.0939287644324092, 1.9887577226508228, 0.0, 1.2151819237339612, 1.5633729734871746], [1.5471892231046498, 0.9010070913679367, 1.8876786766978262, 1.9679725608362748, 0.897506897573817, 0.43778115636808546, 1.8420250078449376, 1.3189323389131882, 0.7423601967248445, 1.2460096259759486, 1.7818427844535432, 0.82309768233745, 1.259810210580642, 1.7845984741134704, 0.5599106480676674, 1.318400968776794, 1.5955279458643852, 1.2151819237339612, 0.0, 0.4455502373383368], [1.8175919492075807, 0.48389917242157376, 1.972068854490723, 1.956469904915916, 0.6610294680155901, 0.8732132708351802, 1.657603099958166, 0.9679103800373938, 0.9792760967617141, 1.4311002241370887, 1.6944569135201044, 1.211261282449293, 1.1249835771278842, 1.9606693268109552, 0.5884664344031844, 1.3489565750945773, 1.3269634048845, 1.5633729734871746, 0.4455502373383368, 0.0]]}