{"name": "karate", "nodes": [{"index": 0, "id": "0", "x": 184.72786450908058, "y": 150.5722152672528}, {"index": 1, "id": "1", "x": 224.30582439886152, "y": 162.477299224327}, {"index": 2, "id": "2", "x": 258.9970467849147, "y": 202.04649015347397}, {"index": 3, "id": "3", "x": 247.37862526740918, "y": 101.24701364182505}, {"index": 4, "id": "4", "x": 108.14553758255488, "y": 102.00350097350855}, {"index": 5, "id": "5", "x": 77.19506300854982, "y": 167.95333328896618}, {"index": 6, "id": "6", "x": 77.14264953021993, "y": 141.63203285458067}, {"index": 7, "id": "7", "x": 233.78531211004264, "y": 125.74631474195883}, {"index": 8, "id": "8", "x": 281.99952720997663, "y": 241.34955297218565}, {"index": 9, "id": "9", "x": 372.1269256991643, "y": 192.66152220727278}, {"index": 10, "id": "10", "x": 77.82539964234664, "y": 101.21735498384874}, {"index": 11, "id": "11", "x": 167.31906835534704, "y": 17.512433494337273}, {"index": 12, "id": "12", "x": 246.77826543847303, "y": 10.0}, {"index": 13, "id": "13", "x": 266.1790866175798, "y": 175.60586920983815}, {"index": 14, "id": "14", "x": 327.09001400992406, "y": 437.0674045545725}, {"index": 15, "id": "15", "x": 388.4111325319466, "y": 354.2551950406206}, {"index": 16, "id": "16", "x": 9.999999999999972, "y": 159.6187804305049}, {"index": 17, "id": "17", "x": 141.6451580696143, "y": 55.255749895261715}, {"index": 18, "id": "18", "x": 425.4899428006238, "y": 382.5539072762333}, {"index": 19, "id": "19", "x": 196.2206919771632, "y": 237.29460461497166}, {"index": 20, "id": "20", "x": 374.46381785345284, "y": 440.0}, {"index": 21, "id": "21", "x": 184.25076241719145, "y": 72.15774922724518}, {"index": 22, "id": "22", "x": 283.46421082846666, "y": 410.7301447632075}, {"index": 23, "id": "23", "x": 357.04655256790477, "y": 349.22574439827434}, {"index": 24, "id": "24", "x": 343.88117521282413, "y": 392.4358585586195}, {"index": 25, "id": "25", "x": 306.47172113210956, "y": 380.4800074600656}, {"index": 26, "id": "26", "x": 440.0, "y": 288.4447935400172}, {"index": 27, "id": "27", "x": 349.0572180346393, "y": 289.3205878512524}, {"index": 28, "id": "28", "x": 238.20683040824704, "y": 311.4481793070259}, {"index": 29, "id": "29", "x": 399.724893338019, "y": 313.4499801891759}, {"index": 30, "id": "30", "x": 285.95313200643494, "y": 269.45937226691484}, {"index": 31, "id": "31", "x": 276.8440455839388, "y": 320.17291528320544}, {"index": 32, "id": "32", "x": 329.1672083810781, "y": 336.50895100502515}, {"index": 33, "id": "33", "x": 328.4709832798492, "y": 306.55388826013524}], "edges": [{"source": "0", "target": "1"}, {"source": "0", "target": "2"}, {"source": "0", "target": "3"}, {"source": "0", "target": "4"}, {"source": "0", "target": "5"}, {"source": "0", "target": "6"}, {"source": "0", "target": "7"}, {"source": "0", "target": "8"}, {"source": "0", "target": "10"}, {"source": "0", "target": "11"}, {"source": "0", "target": "12"}, {"source": "0", "target": "13"}, {"source": "0", "target": "17"}, {"source": "0", "target": "19"}, {"source": "0", "target": "21"}, {"source": "0", "target": "31"}, {"source": "1", "target": "2"}, {"source": "1", "target": "3"}, {"source": "1", "target": "7"}, {"source": "1", "target": "13"}, {"source": "1", "target": "17"}, {"source": "1", "target": "19"}, {"source": "1", "target": "21"}, {"source": "1", "target": "30"}, {"source": "2", "target": "3"}, {"source": "2", "target": "7"}, {"source": "2", "target": "8"}, {"source": "2", "target": "9"}, {"source": "2", "target": "13"}, {"source": "2", "target": "27"}, {"source": "2", "target": "28"}, {"source": "2", "target": "32"}, {"source": "3", "target": "7"}, {"source": "3", "target": "12"}, {"source": "3", "target": "13"}, {"source": "4", "target": "6"}, {"source": "4", "target": "10"}, {"source": "5", "target": "6"}, {"source": "5", "target": "10"}, {"source": "5", "target": "16"}, {"source": "6", "target": "16"}, {"source": "8", "target": "30"}, {"source": "8", "target": "32"}, {"source": "8", "target": "33"}, {"source": "9", "target": "33"}, {"source": "13", "target": "33"}, {"source": "14", "target": "32"}, {"source": "14", "target": "33"}, {"source": "15", "target": "32"}, {"source": "15", "target": "33"}, {"source": "18", "target": "32"}, {"source": "18", "target": "33"}, {"source": "19", "target": "33"}, {"source": "20", "target": "32"}, {"source": "20", "target": "33"}, {"source": "22", "target": "32"}, {"source": "22", "target": "33"}, {"source": "23", "target": "25"}, {"source": "23", "target": "27"}, {"source": "23", "target": "29"}, {"source": "23", "target": "32"}, {"source": "23", "target": "33"}, {"source": "24", "target": "25"}, {"source": "24", "target": "27"}, {"source": "24", "target": "31"}, {"source": "25", "target": "31"}, {"source": "26", "target": "29"}, {"source": "26", "target": "33"}, {"source": "27", "target": "33"}, {"source": "28", "target": "31"}, {"source": "28", "target": "33"}, {"source": "29", "target": "32"}, {"source": "29", "target": "33"}, {"source": "30", "target": "32"}, {"source": "30", "target": "33"}, {"source": "31", "target": "32"}, {"source": "31", "target": "33"}, {"source": "32", "target": "33"}], "weight": [[1.0, 1.0, 1.0, 1.0, 1.0, 1.0, 1.0, 1.0, 1.0, 0.25, 1.0, 1.0, 1.0, 1.0, 0.1111111119389534, 0.1111111119389534, 0.25, 1.0, 0.1111111119389534, 1.0, 0.1111111119389534, 1.0, 0.1111111119389534, 0.1111111119389534, 0.25, 0.25, 0.1111111119389534, 0.25, 0.25, 0.1111111119389534, 0.25, 1.0, 0.25, 0.25], [1.0, 1.0, 1.0, 1.0, 0.25, 0.25, 0.25, 1.0, 0.25, 0.25, 0.25, 0.25, 0.25, 1.0, 0.1111111119389534, 0.1111111119389534, 0.1111111119389534, 1.0, 0.1111111119389534, 1.0, 0.1111111119389534, 1.0, 0.1111111119389534, 0.1111111119389534, 0.1111111119389534, 0.1111111119389534, 0.1111111119389534, 0.25, 0.25, 0.1111111119389534, 1.0, 0.25, 0.25, 0.25], [1.0, 1.0, 1.0, 1.0, 0.25, 0.25, 0.25, 1.0, 1.0, 1.0, 0.25, 0.25, 0.25, 1.0, 0.25, 0.25, 0.1111111119389534, 0.25, 0.25, 0.25, 0.25, 0.25, 0.25, 0.25, 0.25, 0.1111111119389534, 0.1111111119389534, 1.0, 1.0, 0.25, 0.25, 0.25, 1.0, 0.25], [1.0, 1.0, 1.0, 1.0, 0.25, 0.25, 0.25, 1.0, 0.25, 0.25, 0.25, 0.25, 1.0, 1.0, 0.1111111119389534, 0.1111111119389534, 0.1111111119389534, 0.25, 0.1111111119389534, 0.25, 0.1111111119389534, 0.25, 0.1111111119389534, 0.1111111119389534, 0.1111111119389534, 0.1111111119389534, 0.1111111119389534, 0.25, 0.25, 0.1111111119389534, 0.25, 0.25, 0.25, 0.25], [1.0, 0.25, 0.25, 0.25, 1.0, 0.25, 1.0, 0.25, 0.25, 0.1111111119389534, 1.0, 0.25, 0.25, 0.25, 0.0625, 0.0625, 0.25, 0.25, 0.0625, 0.25, 0.0625, 0.25, 0.0625, 0.0625, 0.1111111119389534, 0.1111111119389534, 0.0625, 0.1111111119389534, 0.1111111119389534, 0.0625, 0.1111111119389534, 0.25, 0.1111111119389534, 0.1111111119389534], [1.0, 0.25, 0.25, 0.25, 0.25, 1.0, 1.0, 0.25, 0.25, 0.1111111119389534, 1.0, 0.25, 0.25, 0.25, 0.0625, 0.0625, 1.0, 0.25, 0.0625, 0.25, 0.0625, 0.25, 0.0625, 0.0625, 0.1111111119389534, 0.1111111119389534, 0.0625, 0.1111111119389534, 0.1111111119389534, 0.0625, 0.1111111119389534, 0.25, 0.1111111119389534, 0.1111111119389534], [1.0, 0.25, 0.25, 0.25, 1.0, 1.0, 1.0, 0.25, 0.25, 0.1111111119389534, 0.25, 0.25, 0.25, 0.25, 0.0625, 0.0625, 1.0, 0.25, 0.0625, 0.25, 0.0625, 0.25, 0.0625, 0.0625, 0.1111111119389534, 0.1111111119389534, 0.0625, 0.1111111119389534, 0.1111111119389534, 0.0625, 0.1111111119389534, 0.25, 0.1111111119389534, 0.1111111119389534], [1.0, 1.0, 1.0, 1.0, 0.25, 0.25, 0.25, 1.0, 0.25, 0.25, 0.25, 0.25, 0.25, 0.25, 0.1111111119389534, 0.1111111119389534, 0.1111111119389534, 0.25, 0.1111111119389534, 0.25, 0.1111111119389534, 0.25, 0.1111111119389534, 0.1111111119389534, 0.1111111119389534, 0.1111111119389534, 0.0625, 0.25, 0.25, 0.1111111119389534, 0.25, 0.25, 0.25, 0.1111111119389534], [1.0, 0.25, 1.0, 0.25, 0.25, 0.25, 0.25, 0.25, 1.0, 0.25, 0.25, 0.25, 0.25, 0.25, 0.25, 0.25, 0.1111111119389534, 0.25, 0.25, 0.25, 0.25, 0.25, 0.25, 0.25, 0.1111111119389534, 0.1111111119389534, 0.25, 0.25, 0.25, 0.25, 1.0, 0.25, 1.0, 1.0], [0.25, 0.25, 1.0, 0.25, 0.1111111119389534, 0.1111111119389534, 0.1111111119389534, 0.25, 0.25, 1.0, 0.1111111119389534, 0.1111111119389534, 0.1111111119389534, 0.25, 0.25, 0.25, 0.0625, 0.1111111119389534, 0.25, 0.25, 0.25, 0.1111111119389534, 0.25, 0.25, 0.1111111119389534, 0.1111111119389534, 0.25, 0.25, 0.25, 0.25, 0.25, 0.25, 0.25, 1.0], [1.0, 0.25, 0.25, 0.25, 1.0, 1.0, 0.25, 0.25, 0.25, 0.1111111119389534, 1.0, 0.25, 0.25, 0.25, 0.0625, 0.0625, 0.25, 0.25, 0.0625, 0.25, 0.0625, 0.25, 0.0625, 0.0625, 0.1111111119389534, 0.1111111119389534, 0.0625, 0.1111111119389534, 0.1111111119389534, 0.0625, 0.1111111119389534, 0.25, 0.1111111119389534, 0.1111111119389534], [1.0, 0.25, 0.25, 0.25, 0.25, 0.25, 0.25, 0.25, 0.25, 0.1111111119389534, 0.25, 1.0, 0.25, 0.25, 0.0625, 0.0625, 0.1111111119389534, 0.25, 0.0625, 0.25, 0.0625, 0.25, 0.0625, 0.0625, 0.1111111119389534, 0.1111111119389534, 0.0625, 0.1111111119389534, 0.1111111119389534, 0.0625, 0.1111111119389534, 0.25, 0.1111111119389534, 0.1111111119389534], [1.0, 0.25, 0.25, 1.0, 0.25, 0.25, 0.25, 0.25, 0.25, 0.1111111119389534, 0.25, 0.25, 1.0, 0.25, 0.0625, 0.0625, 0.1111111119389534, 0.25, 0.0625, 0.25, 0.0625, 0.25, 0.0625, 0.0625, 0.1111111119389534, 0.1111111119389534, 0.0625, 0.1111111119389534, 0.1111111119389534, 0.0625, 0.1111111119389534, 0.25, 0.1111111119389534, 0.1111111119389534], [1.0, 1.0, 1.0, 1.0, 0.25, 0.25, 0.25, 0.25, 0.25, 0.25, 0.25, 0.25, 0.25, 1.0, 0.25, 0.25, 0.1111111119389534, 0.25, 0.25, 0.25, 0.25, 0.25, 0.25, 0.25, 0.1111111119389534, 0.1111111119389534, 0.25, 0.25, 0.25, 0.25, 0.25, 0.25, 0.25, 1.0], [0.1111111119389534, 0.1111111119389534, 0.25, 0.1111111119389534, 0.0625, 0.0625, 0.0625, 0.1111111119389534, 0.25, 0.25, 0.0625, 0.0625, 0.0625, 0.25, 1.0, 0.25, 0.03999999910593033, 0.0625, 0.25, 0.25, 0.25, 0.0625, 0.25, 0.25, 0.1111111119389534, 0.1111111119389534, 0.25, 0.25, 0.25, 0.25, 0.25, 0.25, 1.0, 1.0], [0.1111111119389534, 0.1111111119389534, 0.25, 0.1111111119389534, 0.0625, 0.0625, 0.0625, 0.1111111119389534, 0.25, 0.25, 0.0625, 0.0625, 0.0625, 0.25, 0.25, 1.0, 0.03999999910593033, 0.0625, 0.25, 0.25, 0.25, 0.0625, 0.25, 0.25, 0.1111111119389534, 0.1111111119389534, 0.25, 0.25, 0.25, 0.25, 0.25, 0.25, 1.0, 1.0], [0.25, 0.1111111119389534, 0.1111111119389534, 0.1111111119389534, 0.25, 1.0, 1.0, 0.1111111119389534, 0.1111111119389534, 0.0625, 0.25, 0.1111111119389534, 0.1111111119389534, 0.1111111119389534, 0.03999999910593033, 0.03999999910593033, 1.0, 0.1111111119389534, 0.03999999910593033, 0.1111111119389534, 0.03999999910593033, 0.1111111119389534, 0.03999999910593033, 0.03999999910593033, 0.0625, 0.0625, 0.03999999910593033, 0.0625, 0.0625, 0.03999999910593033, 0.0625, 0.1111111119389534, 0.0625, 0.0625], [1.0, 1.0, 0.25, 0.25, 0.25, 0.25, 0.25, 0.25, 0.25, 0.1111111119389534, 0.25, 0.25, 0.25, 0.25, 0.0625, 0.0625, 0.1111111119389534, 1.0, 0.0625, 0.25, 0.0625, 0.25, 0.0625, 0.0625, 0.1111111119389534, 0.1111111119389534, 0.0625, 0.1111111119389534, 0.1111111119389534, 0.0625, 0.25, 0.25, 0.1111111119389534, 0.1111111119389534], [0.1111111119389534, 0.1111111119389534, 0.25, 0.1111111119389534, 0.0625, 0.0625, 0.0625, 0.1111111119389534, 0.25, 0.25, 0.0625, 0.0625, 0.0625, 0.25, 0.25, 0.25, 0.03999999910593033, 0.0625, 1.0, 0.25, 0.25, 0.0625, 0.25, 0.25, 0.1111111119389534, 0.1111111119389534, 0.25, 0.25, 0.25, 0.25, 0.25, 0.25, 1.0, 1.0], [1.0, 1.0, 0.25, 0.25, 0.25, 0.25, 0.25, 0.25, 0.25, 0.25, 0.25, 0.25, 0.25, 0.25, 0.25, 0.25, 0.1111111119389534, 0.25, 0.25, 1.0, 0.25, 0.25, 0.25, 0.25, 0.1111111119389534, 0.1111111119389534, 0.25, 0.25, 0.25, 0.25, 0.25, 0.25, 0.25, 1.0], [0.1111111119389534, 0.1111111119389534, 0.25, 0.1111111119389534, 0.0625, 0.0625, 0.0625, 0.1111111119389534, 0.25, 0.25, 0.0625, 0.0625, 0.0625, 0.25, 0.25, 0.25, 0.03999999910593033, 0.0625, 0.25, 0.25, 1.0, 0.0625, 0.25, 0.25, 0.1111111119389534, 0.1111111119389534, 0.25, 0.25, 0.25, 0.25, 0.25, 0.25, 1.0, 1.0], [1.0, 1.0, 0.25, 0.25, 0.25, 0.25, 0.25, 0.25, 0.25, 0.1111111119389534, 0.25, 0.25, 0.25, 0.25, 0.0625, 0.0625, 0.1111111119389534, 0.25, 0.0625, 0.25, 0.0625, 1.0, 0.0625, 0.0625, 0.1111111119389534, 0.1111111119389534, 0.0625, 0.1111111119389534, 0.1111111119389534, 0.0625, 0.25, 0.25, 0.1111111119389534, 0.1111111119389534], [0.1111111119389534, 0.1111111119389534, 0.25, 0.1111111119389534, 0.0625, 0.0625, 0.0625, 0.1111111119389534, 0.25, 0.25, 0.0625, 0.0625, 0.0625, 0.25, 0.25, 0.25, 0.03999999910593033, 0.0625, 0.25, 0.25, 0.25, 0.0625, 1.0, 0.25, 0.1111111119389534, 0.1111111119389534, 0.25, 0.25, 0.25, 0.25, 0.25, 0.25, 1.0, 1.0], [0.1111111119389534, 0.1111111119389534, 0.25, 0.1111111119389534, 0.0625, 0.0625, 0.0625, 0.1111111119389534, 0.25, 0.25, 0.0625, 0.0625, 0.0625, 0.25, 0.25, 0.25, 0.03999999910593033, 0.0625, 0.25, 0.25, 0.25, 0.0625, 0.25, 1.0, 0.25, 1.0, 0.25, 1.0, 0.25, 1.0, 0.25, 0.25, 1.0, 1.0], [0.25, 0.1111111119389534, 0.25, 0.1111111119389534, 0.1111111119389534, 0.1111111119389534, 0.1111111119389534, 0.1111111119389534, 0.1111111119389534, 0.1111111119389534, 0.1111111119389534, 0.1111111119389534, 0.1111111119389534, 0.1111111119389534, 0.1111111119389534, 0.1111111119389534, 0.0625, 0.1111111119389534, 0.1111111119389534, 0.1111111119389534, 0.1111111119389534, 0.1111111119389534, 0.1111111119389534, 0.25, 1.0, 1.0, 0.1111111119389534, 1.0, 0.25, 0.1111111119389534, 0.1111111119389534, 1.0, 0.25, 0.25], [0.25, 0.1111111119389534, 0.1111111119389534, 0.1111111119389534, 0.1111111119389534, 0.1111111119389534, 0.1111111119389534, 0.1111111119389534, 0.1111111119389534, 0.1111111119389534, 0.1111111119389534, 0.1111111119389534, 0.1111111119389534, 0.1111111119389534, 0.1111111119389534, 0.1111111119389534, 0.0625, 0.1111111119389534, 0.1111111119389534, 0.1111111119389534, 0.1111111119389534, 0.1111111119389534, 0.1111111119389534, 1.0, 1.0, 1.0, 0.1111111119389534, 0.25, 0.25, 0.25, 0.1111111119389534, 1.0, 0.25, 0.25], [0.1111111119389534, 0.1111111119389534, 0.1111111119389534, 0.1111111119389534, 0.0625, 0.0625, 0.0625, 0.0625, 0.25, 0.25, 0.0625, 0.0625, 0.0625, 0.25, 0.25, 0.25, 0.03999999910593033, 0.0625, 0.25, 0.25, 0.25, 0.0625, 0.25, 0.25, 0.1111111119389534, 0.1111111119389534, 1.0, 0.25, 0.25, 1.0, 0.25, 0.25, 0.25, 1.0], [0.25, 0.25, 1.0, 0.25, 0.1111111119389534, 0.1111111119389534, 0.1111111119389534, 0.25, 0.25, 0.25, 0.1111111119389534, 0.1111111119389534, 0.1111111119389534, 0.25, 0.25, 0.25, 0.0625, 0.1111111119389534, 0.25, 0.25, 0.25, 0.1111111119389534, 0.25, 1.0, 1.0, 0.25, 0.25, 1.0, 0.25, 0.25, 0.25, 0.25, 0.25, 1.0], [0.25, 0.25, 1.0, 0.25, 0.1111111119389534, 0.1111111119389534, 0.1111111119389534, 0.25, 0.25, 0.25, 0.1111111119389534, 0.1111111119389534, 0.1111111119389534, 0.25, 0.25, 0.25, 0.0625, 0.1111111119389534, 0.25, 0.25, 0.25, 0.1111111119389534, 0.25, 0.25, 0.25, 0.25, 0.25, 0.25, 1.0, 0.25, 0.25, 1.0, 0.25, 1.0], [0.1111111119389534, 0.1111111119389534, 0.25, 0.1111111119389534, 0.0625, 0.0625, 0.0625, 0.1111111119389534, 0.25, 0.25, 0.0625, 0.0625, 0.0625, 0.25, 0.25, 0.25, 0.03999999910593033, 0.0625, 0.25, 0.25, 0.25, 0.0625, 0.25, 1.0, 0.1111111119389534, 0.25, 1.0, 0.25, 0.25, 1.0, 0.25, 0.25, 1.0, 1.0], [0.25, 1.0, 0.25, 0.25, 0.1111111119389534, 0.1111111119389534, 0.1111111119389534, 0.25, 1.0, 0.25, 0.1111111119389534, 0.1111111119389534, 0.1111111119389534, 0.25, 0.25, 0.25, 0.0625, 0.25, 0.25, 0.25, 0.25, 0.25, 0.25, 0.25, 0.1111111119389534, 0.1111111119389534, 0.25, 0.25, 0.25, 0.25, 1.0, 0.25, 1.0, 1.0], [1.0, 0.25, 0.25, 0.25, 0.25, 0.25, 0.25, 0.25, 0.25, 0.25, 0.25, 0.25, 0.25, 0.25, 0.25, 0.25, 0.1111111119389534, 0.25, 0.25, 0.25, 0.25, 0.25, 0.25, 0.25, 1.0, 1.0, 0.25, 0.25, 1.0, 0.25, 0.25, 1.0, 1.0, 1.0], [0.25, 0.25, 1.0, 0.25, 0.1111111119389534, 0.1111111119389534, 0.1111111119389534, 0.25, 1.0, 0.25, 0.1111111119389534, 0.1111111119389534, 0.1111111119389534, 0.25, 1.0, 1.0, 0.0625, 0.1111111119389534, 1.0, 0.25, 1.0, 0.1111111119389534, 1.0, 1.0, 0.25, 0.25, 0.25, 0.25, 0.25, 1.0, 1.0, 1.0, 1.0, 1.0], [0.25, 0.25, 0.25, 0.25, 0.1111111119389534, 0.1111111119389534, 0.1111111119389534, 0.1111111119389534, 1.0, 1.0, 0.1111111119389534, 0.1111111119389534, 0.1111111119389534, 1.0, 1.0, 1.0, 0.0625, 0.1111111119389534, 1.0, 1.0, 1.0, 0.1111111119389534, 1.0, 1.0, 0.25, 0.25, 1.0, 1.0, 1.0, 1.0, 1.0, 1.0, 1.0, 1.0]], "shortestPath": [[0.0, 1.0, 1.0, 1.0, 1.0, 1.0, 1.0, 1.0, 1.0, 2.0, 1.0, 1.0, 1.0, 1.0, 3.0, 3.0, 2.0, 1.0, 3.0, 1.0, 3.0, 1.0, 3.0, 3.0, 2.0, 2.0, 3.0, 2.0, 2.0, 3.0, 2.0, 1.0, 2.0, 2.0], [1.0, 0.0, 1.0, 1.0, 2.0, 2.0, 2.0, 1.0, 2.0, 2.0, 2.0, 2.0, 2.0, 1.0, 3.0, 3.0, 3.0, 1.0, 3.0, 1.0, 3.0, 1.0, 3.0, 3.0, 3.0, 3.0, 3.0, 2.0, 2.0, 3.0, 1.0, 2.0, 2.0, 2.0], [1.0, 1.0, 0.0, 1.0, 2.0, 2.0, 2.0, 1.0, 1.0, 1.0, 2.0, 2.0, 2.0, 1.0, 2.0, 2.0, 3.0, 2.0, 2.0, 2.0, 2.0, 2.0, 2.0, 2.0, 2.0, 3.0, 3.0, 1.0, 1.0, 2.0, 2.0, 2.0, 1.0, 2.0], [1.0, 1.0, 1.0, 0.0, 2.0, 2.0, 2.0, 1.0, 2.0, 2.0, 2.0, 2.0, 1.0, 1.0, 3.0, 3.0, 3.0, 2.0, 3.0, 2.0, 3.0, 2.0, 3.0, 3.0, 3.0, 3.0, 3.0, 2.0, 2.0, 3.0, 2.0, 2.0, 2.0, 2.0], [1.0, 2.0, 2.0, 2.0, 0.0, 2.0, 1.0, 2.0, 2.0, 3.0, 1.0, 2.0, 2.0, 2.0, 4.0, 4.0, 2.0, 2.0, 4.0, 2.0, 4.0, 2.0, 4.0, 4.0, 3.0, 3.0, 4.0, 3.0, 3.0, 4.0, 3.0, 2.0, 3.0, 3.0], [1.0, 2.0, 2.0, 2.0, 2.0, 0.0, 1.0, 2.0, 2.0, 3.0, 1.0, 2.0, 2.0, 2.0, 4.0, 4.0, 1.0, 2.0, 4.0, 2.0, 4.0, 2.0, 4.0, 4.0, 3.0, 3.0, 4.0, 3.0, 3.0, 4.0, 3.0, 2.0, 3.0, 3.0], [1.0, 2.0, 2.0, 2.0, 1.0, 1.0, 0.0, 2.0, 2.0, 3.0, 2.0, 2.0, 2.0, 2.0, 4.0, 4.0, 1.0, 2.0, 4.0, 2.0, 4.0, 2.0, 4.0, 4.0, 3.0, 3.0, 4.0, 3.0, 3.0, 4.0, 3.0, 2.0, 3.0, 3.0], [1.0, 1.0, 1.0, 1.0, 2.0, 2.0, 2.0, 0.0, 2.0, 2.0, 2.0, 2.0, 2.0, 2.0, 3.0, 3.0, 3.0, 2.0, 3.0, 2.0, 3.0, 2.0, 3.0, 3.0, 3.0, 3.0, 4.0, 2.0, 2.0, 3.0, 2.0, 2.0, 2.0, 3.0], [1.0, 2.0, 1.0, 2.0, 2.0, 2.0, 2.0, 2.0, 0.0, 2.0, 2.0, 2.0, 2.0, 2.0, 2.0, 2.0, 3.0, 2.0, 2.0, 2.0, 2.0, 2.0, 2.0, 2.0, 3.0, 3.0, 2.0, 2.0, 2.0, 2.0, 1.0, 2.0, 1.0, 1.0], [2.0, 2.0, 1.0, 2.0, 3.0, 3.0, 3.0, 2.0, 2.0, 0.0, 3.0, 3.0, 3.0, 2.0, 2.0, 2.0, 4.0, 3.0, 2.0, 2.0, 2.0, 3.0, 2.0, 2.0, 3.0, 3.0, 2.0, 2.0, 2.0, 2.0, 2.0, 2.0, 2.0, 1.0], [1.0, 2.0, 2.0, 2.0, 1.0, 1.0, 2.0, 2.0, 2.0, 3.0, 0.0, 2.0, 2.0, 2.0, 4.0, 4.0, 2.0, 2.0, 4.0, 2.0, 4.0, 2.0, 4.0, 4.0, 3.0, 3.0, 4.0, 3.0, 3.0, 4.0, 3.0, 2.0, 3.0, 3.0], [1.0, 2.0, 2.0, 2.0, 2.0, 2.0, 2.0, 2.0, 2.0, 3.0, 2.0, 0.0, 2.0, 2.0, 4.0, 4.0, 3.0, 2.0, 4.0, 2.0, 4.0, 2.0, 4.0, 4.0, 3.0, 3.0, 4.0, 3.0, 3.0, 4.0, 3.0, 2.0, 3.0, 3.0], [1.0, 2.0, 2.0, 1.0, 2.0, 2.0, 2.0, 2.0, 2.0, 3.0, 2.0, 2.0, 0.0, 2.0, 4.0, 4.0, 3.0, 2.0, 4.0, 2.0, 4.0, 2.0, 4.0, 4.0, 3.0, 3.0, 4.0, 3.0, 3.0, 4.0, 3.0, 2.0, 3.0, 3.0], [1.0, 1.0, 1.0, 1.0, 2.0, 2.0, 2.0, 2.0, 2.0, 2.0, 2.0, 2.0, 2.0, 0.0, 2.0, 2.0, 3.0, 2.0, 2.0, 2.0, 2.0, 2.0, 2.0, 2.0, 3.0, 3.0, 2.0, 2.0, 2.0, 2.0, 2.0, 2.0, 2.0, 1.0], [3.0, 3.0, 2.0, 3.0, 4.0, 4.0, 4.0, 3.0, 2.0, 2.0, 4.0, 4.0, 4.0, 2.0, 0.0, 2.0, 5.0, 4.0, 2.0, 2.0, 2.0, 4.0, 2.0, 2.0, 3.0, 3.0, 2.0, 2.0, 2.0, 2.0, 2.0, 2.0, 1.0, 1.0], [3.0, 3.0, 2.0, 3.0, 4.0, 4.0, 4.0, 3.0, 2.0, 2.0, 4.0, 4.0, 4.0, 2.0, 2.0, 0.0, 5.0, 4.0, 2.0, 2.0, 2.0, 4.0, 2.0, 2.0, 3.0, 3.0, 2.0, 2.0, 2.0, 2.0, 2.0, 2.0, 1.0, 1.0], [2.0, 3.0, 3.0, 3.0, 2.0, 1.0, 1.0, 3.0, 3.0, 4.0, 2.0, 3.0, 3.0, 3.0, 5.0, 5.0, 0.0, 3.0, 5.0, 3.0, 5.0, 3.0, 5.0, 5.0, 4.0, 4.0, 5.0, 4.0, 4.0, 5.0, 4.0, 3.0, 4.0, 4.0], [1.0, 1.0, 2.0, 2.0, 2.0, 2.0, 2.0, 2.0, 2.0, 3.0, 2.0, 2.0, 2.0, 2.0, 4.0, 4.0, 3.0, 0.0, 4.0, 2.0, 4.0, 2.0, 4.0, 4.0, 3.0, 3.0, 4.0, 3.0, 3.0, 4.0, 2.0, 2.0, 3.0, 3.0], [3.0, 3.0, 2.0, 3.0, 4.0, 4.0, 4.0, 3.0, 2.0, 2.0, 4.0, 4.0, 4.0, 2.0, 2.0, 2.0, 5.0, 4.0, 0.0, 2.0, 2.0, 4.0, 2.0, 2.0, 3.0, 3.0, 2.0, 2.0, 2.0, 2.0, 2.0, 2.0, 1.0, 1.0], [1.0, 1.0, 2.0, 2.0, 2.0, 2.0, 2.0, 2.0, 2.0, 2.0, 2.0, 2.0, 2.0, 2.0, 2.0, 2.0, 3.0, 2.0, 2.0, 0.0, 2.0, 2.0, 2.0, 2.0, 3.0, 3.0, 2.0, 2.0, 2.0, 2.0, 2.0, 2.0, 2.0, 1.0], [3.0, 3.0, 2.0, 3.0, 4.0, 4.0, 4.0, 3.0, 2.0, 2.0, 4.0, 4.0, 4.0, 2.0, 2.0, 2.0, 5.0, 4.0, 2.0, 2.0, 0.0, 4.0, 2.0, 2.0, 3.0, 3.0, 2.0, 2.0, 2.0, 2.0, 2.0, 2.0, 1.0, 1.0], [1.0, 1.0, 2.0, 2.0, 2.0, 2.0, 2.0, 2.0, 2.0, 3.0, 2.0, 2.0, 2.0, 2.0, 4.0, 4.0, 3.0, 2.0, 4.0, 2.0, 4.0, 0.0, 4.0, 4.0, 3.0, 3.0, 4.0, 3.0, 3.0, 4.0, 2.0, 2.0, 3.0, 3.0], [3.0, 3.0, 2.0, 3.0, 4.0, 4.0, 4.0, 3.0, 2.0, 2.0, 4.0, 4.0, 4.0, 2.0, 2.0, 2.0, 5.0, 4.0, 2.0, 2.0, 2.0, 4.0, 0.0, 2.0, 3.0, 3.0, 2.0, 2.0, 2.0, 2.0, 2.0, 2.0, 1.0, 1.0], [3.0, 3.0, 2.0, 3.0, 4.0, 4.0, 4.0, 3.0, 2.0, 2.0, 4.0, 4.0, 4.0, 2.0, 2.0, 2.0, 5.0, 4.0, 2.0, 2.0, 2.0, 4.0, 2.0, 0.0, 2.0, 1.0, 2.0, 1.0, 2.0, 1.0, 2.0, 2.0, 1.0, 1.0], [2.0, 3.0, 2.0, 3.0, 3.0, 3.0, 3.0, 3.0, 3.0, 3.0, 3.0, 3.0, 3.0, 3.0, 3.0, 3.0, 4.0, 3.0, 3.0, 3.0, 3.0, 3.0, 3.0, 2.0, 0.0, 1.0, 3.0, 1.0, 2.0, 3.0, 3.0, 1.0, 2.0, 2.0], [2.0, 3.0, 3.0, 3.0, 3.0, 3.0, 3.0, 3.0, 3.0, 3.0, 3.0, 3.0, 3.0, 3.0, 3.0, 3.0, 4.0, 3.0, 3.0, 3.0, 3.0, 3.0, 3.0, 1.0, 1.0, 0.0, 3.0, 2.0, 2.0, 2.0, 3.0, 1.0, 2.0, 2.0], [3.0, 3.0, 3.0, 3.0, 4.0, 4.0, 4.0, 4.0, 2.0, 2.0, 4.0, 4.0, 4.0, 2.0, 2.0, 2.0, 5.0, 4.0, 2.0, 2.0, 2.0, 4.0, 2.0, 2.0, 3.0, 3.0, 0.0, 2.0, 2.0, 1.0, 2.0, 2.0, 2.0, 1.0], [2.0, 2.0, 1.0, 2.0, 3.0, 3.0, 3.0, 2.0, 2.0, 2.0, 3.0, 3.0, 3.0, 2.0, 2.0, 2.0, 4.0, 3.0, 2.0, 2.0, 2.0, 3.0, 2.0, 1.0, 1.0, 2.0, 2.0, 0.0, 2.0, 2.0, 2.0, 2.0, 2.0, 1.0], [2.0, 2.0, 1.0, 2.0, 3.0, 3.0, 3.0, 2.0, 2.0, 2.0, 3.0, 3.0, 3.0, 2.0, 2.0, 2.0, 4.0, 3.0, 2.0, 2.0, 2.0, 3.0, 2.0, 2.0, 2.0, 2.0, 2.0, 2.0, 0.0, 2.0, 2.0, 1.0, 2.0, 1.0], [3.0, 3.0, 2.0, 3.0, 4.0, 4.0, 4.0, 3.0, 2.0, 2.0, 4.0, 4.0, 4.0, 2.0, 2.0, 2.0, 5.0, 4.0, 2.0, 2.0, 2.0, 4.0, 2.0, 1.0, 3.0, 2.0, 1.0, 2.0, 2.0, 0.0, 2.0, 2.0, 1.0, 1.0], [2.0, 1.0, 2.0, 2.0, 3.0, 3.0, 3.0, 2.0, 1.0, 2.0, 3.0, 3.0, 3.0, 2.0, 2.0, 2.0, 4.0, 2.0, 2.0, 2.0, 2.0, 2.0, 2.0, 2.0, 3.0, 3.0, 2.0, 2.0, 2.0, 2.0, 0.0, 2.0, 1.0, 1.0], [1.0, 2.0, 2.0, 2.0, 2.0, 2.0, 2.0, 2.0, 2.0, 2.0, 2.0, 2.0, 2.0, 2.0, 2.0, 2.0, 3.0, 2.0, 2.0, 2.0, 2.0, 2.0, 2.0, 2.0, 1.0, 1.0, 2.0, 2.0, 1.0, 2.0, 2.0, 0.0, 1.0, 1.0], [2.0, 2.0, 1.0, 2.0, 3.0, 3.0, 3.0, 2.0, 1.0, 2.0, 3.0, 3.0, 3.0, 2.0, 1.0, 1.0, 4.0, 3.0, 1.0, 2.0, 1.0, 3.0, 1.0, 1.0, 2.0, 2.0, 2.0, 2.0, 2.0, 1.0, 1.0, 1.0, 0.0, 1.0], [2.0, 2.0, 2.0, 2.0, 3.0, 3.0, 3.0, 3.0, 1.0, 1.0, 3.0, 3.0, 3.0, 1.0, 1.0, 1.0, 4.0, 3.0, 1.0, 1.0, 1.0, 3.0, 1.0, 1.0, 2.0, 2.0, 1.0, 1.0, 1.0, 1.0, 1.0, 1.0, 1.0, 0.0]], "euclideanDistance": [[0.0, 0.16300263067652532, 0.33721150108059894, 0.2933379551418226, 0.3414835467152386, 0.43493296324139935, 0.43274318145033863, 0.2110835779648253, 0.47925141911450686, 0.7632245159212449, 0.45495217510985564, 0.41324609969383735, 0.49718594215470674, 0.3358270593349583, 1.0467312309600028, 1.028228309388359, 0.701952758660089, 0.33916904473832593, 1.1993028330085769, 0.2694353605178536, 1.1683302081336, 0.24003328974379548, 0.8895250691803372, 0.9210069854792002, 0.9778959191005562, 0.8567950691299815, 1.1082349970081822, 0.7845586962874807, 0.5371998243991443, 0.9967135246669959, 0.5454808761938941, 0.6373769119647039, 0.8124792858660066, 0.748948448778895], [0.16300263067652532, 0.0, 0.18456341648237357, 0.20906160086837733, 0.5016981148085735, 0.5907814366650102, 0.59418989469357, 0.11869813437166869, 0.33455175332062553, 0.6005450054375379, 0.6171886160588337, 0.49923211327279254, 0.4753691119048204, 0.17282798042855427, 0.9363283075357006, 0.8823686086802798, 0.8603278025687302, 0.4667163746398872, 1.0516838753694648, 0.2552614928232215, 1.0416227128034303, 0.31982511257492663, 0.7961419123868386, 0.781475517458, 0.8519881560869643, 0.7443696510013277, 0.9478307920416105, 0.6336700142381606, 0.45939961776185306, 0.8422771529305805, 0.4104609746348948, 0.5267669809055726, 0.6789486774784753, 0.6077362287199118], [0.33721150108059894, 0.18456341648237357, 0.0, 0.31205096599054805, 0.6785866890996288, 0.7372274896031396, 0.7530731002377458, 0.2545392612674799, 0.1516573300679461, 0.455042558246628, 0.7900527239543071, 0.6741676986768387, 0.5898945477641115, 0.08591615538281597, 0.7695761969158547, 0.6978220921195799, 1.0079452763712504, 0.6510083700773994, 0.8671681214351297, 0.274127739478837, 0.8633501532473613, 0.49810385850372796, 0.6462847755673475, 0.598232453105247, 0.6750861770066316, 0.5784763750691992, 0.7732292204720306, 0.44951961138893887, 0.34512010148094846, 0.6598633616095163, 0.23300115717688386, 0.36861263383142173, 0.49874804791298605, 0.42439566158624104], [0.2933379551418226, 0.20906160086837733, 0.31205096599054805, 0.0, 0.5589252151189731, 0.7130257993731955, 0.6944654976560961, 0.09274373954901347, 0.45080919874737224, 0.5736492818662033, 0.6806339084045143, 0.41107302694140696, 0.27931630553114833, 0.23979731042623406, 1.0765936690113673, 0.9593221022481848, 0.9695105913934278, 0.44718117508729216, 1.1192236567467284, 0.46432296161600306, 1.1556203325990926, 0.2686010371338962, 0.958335062245893, 0.8774854366729109, 0.971869444639457, 0.8870357084684609, 0.9624105787468651, 0.7057049512314473, 0.6444755508785226, 0.8921445705071315, 0.5376763517972114, 0.6804880698206647, 0.7914467664500399, 0.7077477920524244], [0.3414835467152386, 0.5016981148085735, 0.6785866890996288, 0.5589252151189731, 0.0, 0.23704147294051636, 0.17379048296979085, 0.5095624448011107, 0.8179214261101079, 1.0954273709953906, 0.12173726977588611, 0.351158410375647, 0.6237102736373584, 0.6732085908561234, 1.3506967110969177, 1.3645395885801892, 0.43165465776328954, 0.1963669470908734, 1.5363315017218815, 0.5445202829105978, 1.4877251413201622, 0.31887468954212544, 1.1782800957128035, 1.2533867435664445, 1.2983982380177033, 1.166379541890926, 1.4492523736256457, 1.1242844813003146, 0.8268068049829538, 1.3375119817819052, 0.8787519602271453, 0.9510934847300299, 1.1412546720089034, 1.0836427617864508], [0.43493296324139935, 0.5907814366650102, 0.7372274896031396, 0.7130257993731955, 0.23704147294051636, 0.0, 0.08056942905374637, 0.6417362746138207, 0.8522863927255914, 1.1863519493515278, 0.2042936223925333, 0.5856149777114241, 0.83498017079722, 0.7589960902037871, 1.2980283361104814, 1.3733082877399043, 0.27094348345043173, 0.43120504237406815, 1.544776644454273, 0.522825031144229, 1.4551471080113745, 0.5202591060493237, 1.1125970624421184, 1.2529625786574945, 1.2721010601148046, 1.127077700610022, 1.5023753130856705, 1.15283002733837, 0.7814674730212527, 1.369182366186748, 0.8937593472008565, 0.9270484464822264, 1.1354759313377965, 1.0942808382578268], [0.43274318145033863, 0.59418989469357, 0.7530731002377458, 0.6944654976560961, 0.17379048296979085, 0.08056942905374637, 0.0, 0.6306846367608994, 0.8771725060458151, 1.194406844427786, 0.12373915394885901, 0.5247711578488728, 0.7912398667233185, 0.7659375227406703, 1.3507514766265316, 1.4088593786401806, 0.27509515237844145, 0.3700687551328637, 1.5809063007263835, 0.56057162930376, 1.5028744462798445, 0.4796784162115849, 1.168100967658802, 1.290848790413816, 1.317538347695385, 1.1755892181560579, 1.5243580131499117, 1.181453003112538, 0.8295978238801298, 1.397662943383019, 0.9250496795816533, 0.9702209209708632, 1.1744621801527095, 1.1281534011508396], [0.2110835779648253, 0.11869813437166869, 0.2545392612674799, 0.09274373954901347, 0.5095624448011107, 0.6417362746138207, 0.6306846367608994, 0.0, 0.40333196664310234, 0.5919108299462479, 0.6305527427922166, 0.4253834298317378, 0.3581164930983136, 0.20050556378736298, 1.0239149157384237, 0.935163275397508, 0.9043002093702994, 0.4282119072280385, 1.10006602057093, 0.37326360770873, 1.1154434778899809, 0.2577724702099569, 0.8948368555996039, 0.8442632489996572, 0.9282911792817141, 0.8325422477239836, 0.9660641896141741, 0.6817782122141788, 0.5687080053946599, 0.8796837846892189, 0.48720679972202136, 0.6197301058086662, 0.7502080628711448, 0.6714003458017653], [0.47925141911450686, 0.33455175332062553, 0.1516573300679461, 0.45080919874737224, 0.8179214261101079, 0.8522863927255914, 0.8771725060458151, 0.40333196664310234, 0.0, 0.39128974607034817, 0.925070551541357, 0.8254564359087957, 0.7221344891548098, 0.21102365261808018, 0.6258367547671484, 0.5494650774723142, 1.1201761217750479, 0.8012009504972207, 0.7201432386299065, 0.3445637837888279, 0.7124025821333504, 0.6497573425509365, 0.5185051005185455, 0.4469837278062858, 0.5249657827924383, 0.4370600995254972, 0.6504341847719532, 0.3066332093895267, 0.27738955946819055, 0.5215764209060871, 0.08749524472222148, 0.242163227593258, 0.3474136460307209, 0.27319715078554097], [0.7632245159212449, 0.6005450054375379, 0.455042558246628, 0.5736492818662033, 1.0954273709953906, 1.1863519493515278, 1.194406844427786, 0.5919108299462479, 0.39128974607034817, 0.0, 1.2141148843401917, 0.9815164575903399, 0.7522066355344735, 0.42849644999511927, 0.7696580998015654, 0.49893689888420395, 1.4571928122287852, 1.016331883643446, 0.6194744688357593, 0.7192317696470321, 0.7571579419305435, 0.8395573214861209, 0.7564654480160656, 0.4830493411441305, 0.6219298969764515, 0.6324431825087562, 0.4002454151654136, 0.3100267757028177, 0.649009972537822, 0.3859730388356414, 0.4182413558999273, 0.5464820195040241, 0.47288176545107774, 0.3901917129686174], [0.45495217510985564, 0.6171886160588337, 0.7900527239543071, 0.6806339084045143, 0.12173726977588611, 0.2042936223925333, 0.12373915394885901, 0.6305527427922166, 0.925070551541357, 1.2141148843401917, 0.0, 0.4412605748693961, 0.7334498831301154, 0.7896466759206212, 1.4346033033927286, 1.467779051760946, 0.3257119355801998, 0.29227819726618187, 1.6399302543613394, 0.6319659712779208, 1.5790399741184793, 0.4363830119857074, 1.2565948423121296, 1.3537585958933351, 1.3911482892387095, 1.2542586551815176, 1.5627481537619023, 1.231669616034704, 0.9102794786874332, 1.4463055850209996, 0.9814492245185377, 1.0428145765197523, 1.2396433565746847, 1.1863445655312608], [0.41324609969383735, 0.49923211327279254, 0.6741676986768387, 0.41107302694140696, 0.351158410375647, 0.5856149777114241, 0.5247711578488728, 0.4253834298317378, 0.8254564359087957, 0.9815164575903399, 0.4412605748693961, 0.0, 0.31979918895862297, 0.625836780436297, 1.435497484975389, 1.3602123869749079, 0.766833292705441, 0.15482060310507345, 1.5240132841177993, 0.6826810825279583, 1.53749612002639, 0.18055055887797544, 1.2907804476965778, 1.2692674657784377, 1.348859460938082, 1.243558921076226, 1.3733023140853136, 1.1065557587960664, 0.9436612295139243, 1.3003708516835788, 0.9063963269003603, 1.0254729922383623, 1.1728417865591352, 1.0960278860034534], [0.49718594215470674, 0.4753691119048204, 0.5898945477641115, 0.27931630553114833, 0.6237102736373584, 0.83498017079722, 0.7912398667233185, 0.3581164930983136, 0.7221344891548098, 0.7522066355344735, 0.7334498831301154, 0.31979918895862297, 0.0, 0.5128650686963375, 1.346415348589556, 1.197357455204503, 1.0550760397868133, 0.4441870716211877, 1.34726874571207, 0.7247425762292632, 1.4125047973951015, 0.31496480306956487, 1.2354384531954696, 1.1287780675272594, 1.233823260357868, 1.1590749696885831, 1.1524186998777115, 0.9484682890212963, 0.9233702194311963, 1.1134333598910497, 0.8096213436992615, 0.9570756938630355, 1.0527408487558478, 0.965167608352189], [0.3358270593349583, 0.17282798042855427, 0.08591615538281597, 0.23979731042623406, 0.6732085908561234, 0.7589960902037871, 0.7659375227406703, 0.20050556378736298, 0.21102365261808018, 0.42849644999511927, 0.7896466759206212, 0.625836780436297, 0.5128650686963375, 0.0, 0.8368485180998914, 0.734709471032065, 1.0295379345641198, 0.6209872732786998, 0.9001453692011981, 0.33841255430180245, 0.918656016348491, 0.4565451184841985, 0.7230493849982903, 0.6445869587692434, 0.7333543981320524, 0.64763995297885, 0.7785736427994623, 0.481503627490028, 0.4307062984154855, 0.6822207195923834, 0.2980490593732649, 0.4445839670307884, 0.5536354438316384, 0.47243342410172595], [1.0467312309600028, 0.9363283075357006, 0.7695761969158547, 1.0765936690113673, 1.3506967110969177, 1.2980283361104814, 1.3507514766265316, 1.0239149157384237, 0.6258367547671484, 0.7696580998015654, 1.4346033033927286, 1.435497484975389, 1.346415348589556, 0.8368485180998914, 0.0, 0.3533418695716057, 1.5301950228830457, 1.3856693514481362, 0.42880380622043274, 0.8061779809948834, 0.1903833951010641, 1.255562067091453, 0.19279114383461088, 0.29454815972401555, 0.1523398891748493, 0.19197216197602424, 0.642184169580503, 0.46076802490990865, 0.5245591285118321, 0.47769961841808534, 0.5389672694591121, 0.4107471284080864, 0.3079210255663093, 0.39953861676833413], [1.028228309388359, 0.8823686086802798, 0.6978220921195799, 0.9593221022481848, 1.3645395885801892, 1.3733082877399043, 1.4088593786401806, 0.935163275397508, 0.5494650774723142, 0.49893689888420395, 1.467779051760946, 1.3602123869749079, 1.197357455204503, 0.734709471032065, 0.3533418695716057, 0.0, 1.6317044105590066, 1.3486717560119486, 0.17221529170320435, 0.8505269620928764, 0.2683689738026523, 1.190503838241547, 0.45537432315599163, 0.12684388445454184, 0.2135703666481085, 0.33858126393204235, 0.2889067862693333, 0.2538976862610063, 0.6170351688433227, 0.132904974253077, 0.48634799600596323, 0.4598517235491217, 0.2439465053598385, 0.28145354912197257], [0.701952758660089, 0.8603278025687302, 1.0079452763712504, 0.9695105913934278, 0.43165465776328954, 0.27094348345043173, 0.27509515237844145, 0.9043002093702994, 1.1201761217750479, 1.4571928122287852, 0.3257119355801998, 0.766833292705441, 1.0550760397868133, 1.0295379345641198, 1.5301950228830457, 1.6317044105590066, 0.0, 0.6175120377375404, 1.802092379713293, 0.784442936319628, 1.6962087336938352, 0.7489728033915045, 1.3401123383633506, 1.5092016271288913, 1.5179765902843045, 1.3687344402075292, 1.7706096782539806, 1.417791709832617, 1.0272311024750194, 1.6337907439104855, 1.1576530216700505, 1.1785445954560037, 1.3909412922955728, 1.3552403454961566], [0.33916904473832593, 0.4667163746398872, 0.6510083700773994, 0.44718117508729216, 0.1963669470908734, 0.43120504237406815, 0.3700687551328637, 0.4282119072280385, 0.8012009504972207, 1.016331883643446, 0.29227819726618187, 0.15482060310507345, 0.4441870716211877, 0.6209872732786998, 1.3856693514481362, 1.3486717560119486, 0.6175120377375404, 0.0, 1.5172407851946108, 0.5987396444150186, 1.5034778671499784, 0.1786846958743495, 1.2280353383348388, 1.2479513491271395, 1.3131295365221103, 1.1953360081969895, 1.3942490137057537, 1.0984386598903906, 0.8747718203811649, 1.3030442849321278, 0.8749221253694208, 0.9757680272097616, 1.1436023695636695, 1.0743166479038355], [1.1993028330085769, 1.0516838753694648, 0.8671681214351297, 1.1192236567467284, 1.5363315017218815, 1.544776644454273, 1.5809063007263835, 1.10006602057093, 0.7201432386299065, 0.6194744688357593, 1.6399302543613394, 1.5240132841177993, 1.34726874571207, 0.9001453692011981, 0.42880380622043274, 0.17221529170320435, 1.802092379713293, 1.5172407851946108, 0.0, 1.0221287850303, 0.2699572350996632, 1.3566599999455697, 0.5766175256194139, 0.2930793548957172, 0.328993851470011, 0.47781448470247156, 0.2938966124579197, 0.4190286949527746, 0.7826789314669124, 0.23545850560427328, 0.6584813050233365, 0.6265133909645916, 0.41155286325984874, 0.45365080415821823], [0.2694353605178536, 0.2552614928232215, 0.274127739478837, 0.46432296161600306, 0.5445202829105978, 0.522825031144229, 0.56057162930376, 0.37326360770873, 0.3445637837888279, 0.7192317696470321, 0.6319659712779208, 0.6826810825279583, 0.7247425762292632, 0.33841255430180245, 0.8061779809948834, 0.8505269620928764, 0.784442936319628, 0.5987396444150186, 1.0221287850303, 0.0, 0.9470792161826213, 0.5077604302496553, 0.6359965646295603, 0.7308812672627383, 0.7595189533950097, 0.6228744094883972, 0.9910440919672536, 0.6338595623522345, 0.2827161752785949, 0.8495310804452444, 0.37342409031778145, 0.4112227564761099, 0.6140431055971214, 0.5716541218899542], [1.1683302081336, 1.0416227128034303, 0.8633501532473613, 1.1556203325990926, 1.4877251413201622, 1.4551471080113745, 1.5028744462798445, 1.1154434778899809, 0.7124025821333504, 0.7571579419305435, 1.5790399741184793, 1.53749612002639, 1.4125047973951015, 0.918656016348491, 0.1903833951010641, 0.2683689738026523, 1.6962087336938352, 1.5034778671499784, 0.2699572350996632, 0.9470792161826213, 0.0, 1.3604495569037394, 0.3761245419414732, 0.28652051699508846, 0.19044469288885071, 0.3281600001935727, 0.5333127032386417, 0.4723693267334466, 0.6738090896379325, 0.4004209020446757, 0.6314668366027092, 0.5367482579493611, 0.36526139823827175, 0.4482642178582495], [0.24003328974379548, 0.31982511257492663, 0.49810385850372796, 0.2686010371338962, 0.31887468954212544, 0.5202591060493237, 0.4796784162115849, 0.2577724702099569, 0.6497573425509365, 0.8395573214861209, 0.4363830119857074, 0.18055055887797544, 0.31496480306956487, 0.4565451184841985, 1.255562067091453, 1.190503838241547, 0.7489728033915045, 0.1786846958743495, 1.3566599999455697, 0.5077604302496553, 1.3604495569037394, 0.0, 1.1102581206546618, 1.0956400387565768, 1.1712153890291495, 1.0636819683043022, 1.2216055708020561, 0.9378466031065791, 0.7638180609165142, 1.1374081557633817, 0.7289844249631143, 0.8452799567543637, 0.9965845096478252, 0.9219296498912426], [0.8895250691803372, 0.7961419123868386, 0.6462847755673475, 0.958335062245893, 1.1782800957128035, 1.1125970624421184, 1.168100967658802, 0.8948368555996039, 0.5185051005185455, 0.7564654480160656, 1.2565948423121296, 1.2907804476965778, 1.2354384531954696, 0.7230493849982903, 0.19279114383461088, 0.45537432315599163, 1.3401123383633506, 1.2280353383348388, 0.5766175256194139, 0.6359965646295603, 0.3761245419414732, 1.1102581206546618, 0.0, 0.3502752554023432, 0.24891142875571193, 0.13078221512750843, 0.7314165212654838, 0.45545861898620643, 0.3540646326125508, 0.5536067438523982, 0.432543383862307, 0.27846548226335077, 0.29201813087473094, 0.36650699388598607], [0.9210069854792002, 0.781475517458, 0.598232453105247, 0.8774854366729109, 1.2533867435664445, 1.2529625786574945, 1.290848790413816, 0.8442632489996572, 0.4469837278062858, 0.4830493411441305, 1.3537585958933351, 1.2692674657784377, 1.1287780675272594, 0.6445869587692434, 0.29454815972401555, 0.12684388445454184, 1.5092016271288913, 1.2479513491271395, 0.2930793548957172, 0.7308812672627383, 0.28652051699508846, 1.0956400387565768, 0.3502752554023432, 0.0, 0.14243333722552354, 0.22443318130217352, 0.38144767241921096, 0.18615243141439367, 0.49087068923677396, 0.2033315978437818, 0.3755831975548928, 0.3340116225735021, 0.11849176442170906, 0.17383760267338755], [0.9778959191005562, 0.8519881560869643, 0.6750861770066316, 0.971869444639457, 1.2983982380177033, 1.2721010601148046, 1.317538347695385, 0.9282911792817141, 0.5249657827924383, 0.6219298969764515, 1.3911482892387095, 1.348859460938082, 1.233823260357868, 0.7333543981320524, 0.1523398891748493, 0.2135703666481085, 1.5179765902843045, 1.3131295365221103, 0.328993851470011, 0.7595189533950097, 0.19044469288885071, 1.1712153890291495, 0.24891142875571193, 0.14243333722552354, 0.0, 0.1545669455657455, 0.5002030644672791, 0.31631765349213614, 0.4913313259727506, 0.32970929488131934, 0.44246313840300855, 0.34834684417171685, 0.18109480222396085, 0.2700639488496396], [0.8567950691299815, 0.7443696510013277, 0.5784763750691992, 0.8870357084684609, 1.166379541890926, 1.127077700610022, 1.1755892181560579, 0.8325422477239836, 0.4370600995254972, 0.6324431825087562, 1.2542586551815176, 1.243558921076226, 1.1590749696885831, 0.64763995297885, 0.19197216197602424, 0.33858126393204235, 1.3687344402075292, 1.1953360081969895, 0.47781448470247156, 0.6228744094883972, 0.3281600001935727, 1.0636819683043022, 0.13078221512750843, 0.22443318130217352, 0.1545669455657455, 0.0, 0.6055431481181701, 0.32723998169715807, 0.3460416415565636, 0.4268859589415085, 0.349672195632775, 0.2195953246228133, 0.16253021949748034, 0.2429086534486681], [1.1082349970081822, 0.9478307920416105, 0.7732292204720306, 0.9624105787468651, 1.4492523736256457, 1.5023753130856705, 1.5243580131499117, 0.9660641896141741, 0.6504341847719532, 0.4002454151654136, 1.5627481537619023, 1.3733023140853136, 1.1524186998777115, 0.7785736427994623, 0.642184169580503, 0.2889067862693333, 1.7706096782539806, 1.3942490137057537, 0.2938966124579197, 0.991044091