{"name": "path-10", "nodes": [{"index": 0, "id": "0", "x": 10.0, "y": 324.726982363813}, {"index": 1, "id": "1", "x": 54.62260835535798, "y": 234.61421446636945}, {"index": 2, "id": "2", "x": 108.53611169619003, "y": 133.1834930504448}, {"index": 3, "id": "3", "x": 171.8826407647621, "y": 53.28112712679581}, {"index": 4, "id": "4", "x": 241.35386477020646, "y": 10.0}, {"index": 5, "id": "5", "x": 312.2462771111982, "y": 17.941033776478292}, {"index": 6, "id": "6", "x": 377.9805594281362, "y": 86.00650701493188}, {"index": 7, "id": "7", "x": 432.15727425006276, "y": 202.6494390727078}, {"index": 8, "id": "8", "x": 469.2833400919049, "y": 348.4709476268949}, {"index": 9, "id": "9", "x": 490.0, "y": 490.0}], "edges": [{"source": "0", "target": "1"}, {"source": "1", "target": "2"}, {"source": "2", "target": "3"}, {"source": "3", "target": "4"}, {"source": "4", "target": "5"}, {"source": "5", "target": "6"}, {"source": "6", "target": "7"}, {"source": "7", "target": "8"}, {"source": "8", "target": "9"}], "weight": [[1.0, 1.0, 0.25, 0.1111111119389534, 0.0625, 0.03999999910593033, 0.02777777798473835, 0.020408162847161293, 0.015625, 0.012345679104328156], [1.0, 1.0, 1.0, 0.25, 0.1111111119389534, 0.0625, 0.03999999910593033, 0.02777777798473835, 0.020408162847161293, 0.015625], [0.25, 1.0, 1.0, 1.0, 0.25, 0.1111111119389534, 0.0625, 0.03999999910593033, 0.02777777798473835, 0.020408162847161293], [0.1111111119389534, 0.25, 1.0, 1.0, 1.0, 0.25, 0.1111111119389534, 0.0625, 0.03999999910593033, 0.02777777798473835], [0.0625, 0.1111111119389534, 0.25, 1.0, 1.0, 1.0, 0.25, 0.1111111119389534, 0.0625, 0.03999999910593033], [0.03999999910593033, 0.0625, 0.1111111119389534, 0.25, 1.0, 1.0, 1.0, 0.25, 0.1111111119389534, 0.0625], [0.02777777798473835, 0.03999999910593033, 0.0625, 0.1111111119389534, 0.25, 1.0, 1.0, 1.0, 0.25, 0.1111111119389534], [0.020408162847161293, 0.02777777798473835, 0.03999999910593033, 0.0625, 0.1111111119389534, 0.25, 1.0, 1.0, 1.0, 0.25], [0.015625, 0.020408162847161293, 0.02777777798473835, 0.03999999910593033, 0.0625, 0.1111111119389534, 0.25, 1.0, 1.0, 1.0], [0.012345679104328156, 0.015625, 0.020408162847161293, 0.02777777798473835, 0.03999999910593033, 0.0625, 0.1111111119389534, 0.25, 1.0, 1.0]], "shortestPath": [[0.0, 1.0, 2.0, 3.0, 4.0, 5.0, 6.0, 7.0, 8.0, 9.0], [1.0, 0.0, 1.0, 2.0, 3.0, 4.0, 5.0, 6.0, 7.0, 8.0], [2.0, 1.0, 0.0, 1.0, 2.0, 3.0, 4.0, 5.0, 6.0, 7.0], [3.0, 2.0, 1.0, 0.0, 1.0, 2.0, 3.0, 4.0, 5.0, 6.0], [4.0, 3.0, 2.0, 1.0, 0.0, 1.0, 2.0, 3.0, 4.0, 5.0], [5.0, 4.0, 3.0, 2.0, 1.0, 0.0, 1.0, 2.0, 3.0, 4.0], [6.0, 5.0, 4.0, 3.0, 2.0, 1.0, 0.0, 1.0, 2.0, 3.0], [7.0, 6.0, 5.0, 4.0, 3.0, 2.0, 1.0, 0.0, 1.0, 2.0], [8.0, 7.0, 6.0, 5.0, 4.0, 3.0, 2.0, 1.0, 0.0, 1.0], [9.0, 8.0, 7.0, 6.0, 5.0, 4.0, 3.0, 2.0, 1.0, 0.0]], "euclideanDistance": [[0.0, 0.21261105215102244, 0.4637310235429666, 0.7304607240488236, 0.9973501347084103, 1.2486703121170213, 1.4692106047274212, 1.6522325842822922, 1.788734218517771, 1.882572299915386], [0.21261105215102244, 0.0, 0.2511824340010791, 0.518918016808824, 0.7886569528359727, 1.045543629019831, 1.2752593456791153, 1.4707569370684859, 1.6220866545668005, 1.730546376823455], [0.4637310235429666, 0.2511824340010791, 0.0, 0.26953356110449117, 0.5436327293225731, 0.8085712386391978, 1.0511717321799825, 1.2637106213119778, 1.4349168766486755, 1.562630619216905], [0.7304607240488236, 0.518918016808824, 0.26953356110449117, 0.0, 0.27684635634317206, 0.5486819597257249, 0.8037748663709647, 1.033652386404138, 1.2256487644338676, 1.3737008755480116], [0.9973501347084103, 0.7886569528359727, 0.5436327293225731, 0.27684635634317206, 0.0, 0.2762651155430873, 0.5419659147339155, 0.7878042119418406, 0.9997648303406185, 1.1676343705171297], [1.2486703121170213, 1.045543629019831, 0.8085712386391978, 0.5486819597257249, 0.2762651155430873, 0.0, 0.2721839039807641, 0.5301823983106757, 0.7588735351970292, 0.9439467157815297], [1.4692106047274212, 1.2752593456791153, 1.0511717321799825, 0.8037748663709647, 0.5419659147339155, 0.2721839039807641, 0.0, 0.2639250623743844, 0.503732617255175, 0.701412342268165], [1.6522325842822922, 1.4707569370684859, 1.2637106213119778, 1.033652386404138, 0.7878042119418406, 0.5301823983106757, 0.2639250623743844, 0.0, 0.24537300414639918, 0.4509654228524761], [1.788734218517771, 1.6220866545668005, 1.4349168766486755, 1.2256487644338676, 0.9997648303406185, 0.7588735351970292, 0.503732617255175, 0.24537300414639918, 0.0, 0.20865162891759173], [1.882572299915386, 1.730546376823455, 1.562630619216905, 1.3737008755480116, 1.1676343705171297, 0.9439467157815297, 0.701412342268165, 0.4509654228524761, 0.20865162891759173, 0.0]]}