{"name": "path-10", "nodes": [{"index": 0, "id": "0", "x": 440.0, "y": 440.0}, {"index": 1, "id": "1", "x": 253.68673897757483, "y": 402.53632136954184}, {"index": 2, "id": "2", "x": 109.18277097232902, "y": 355.7877118255808}, {"index": 3, "id": "3", "x": 25.290895713347282, "y": 305.2742567622607}, {"index": 4, "id": "4", "x": 10.0, "y": 252.90350142345852}, {"index": 5, "id": "5", "x": 36.12104761562283, "y": 199.95752834932438}, {"index": 6, "id": "6", "x": 93.07637559844521, "y": 147.72302363126357}, {"index": 7, "id": "7", "x": 156.9581156598417, "y": 96.80398846786312}, {"index": 8, "id": "8", "x": 214.19338435639617, "y": 49.45309174970228}, {"index": 9, "id": "9", "x": 258.19041612175147, "y": 10.0}], "edges": [{"source": "0", "target": "1"}, {"source": "1", "target": "2"}, {"source": "2", "target": "3"}, {"source": "3", "target": "4"}, {"source": "4", "target": "5"}, {"source": "5", "target": "6"}, {"source": "6", "target": "7"}, {"source": "7", "target": "8"}, {"source": "8", "target": "9"}], "weight": [[1.0, 1.0, 0.25, 0.1111111119389534, 0.0625, 0.03999999910593033, 0.02777777798473835, 0.020408162847161293, 0.015625, 0.012345679104328156], [1.0, 1.0, 1.0, 0.25, 0.1111111119389534, 0.0625, 0.03999999910593033, 0.02777777798473835, 0.020408162847161293, 0.015625], [0.25, 1.0, 1.0, 1.0, 0.25, 0.1111111119389534, 0.0625, 0.03999999910593033, 0.02777777798473835, 0.020408162847161293], [0.1111111119389534, 0.25, 1.0, 1.0, 1.0, 0.25, 0.1111111119389534, 0.0625, 0.03999999910593033, 0.02777777798473835], [0.0625, 0.1111111119389534, 0.25, 1.0, 1.0, 1.0, 0.25, 0.1111111119389534, 0.0625, 0.03999999910593033], [0.03999999910593033, 0.0625, 0.1111111119389534, 0.25, 1.0, 1.0, 1.0, 0.25, 0.1111111119389534, 0.0625], [0.02777777798473835, 0.03999999910593033, 0.0625, 0.1111111119389534, 0.25, 1.0, 1.0, 1.0, 0.25, 0.1111111119389534], [0.020408162847161293, 0.02777777798473835, 0.03999999910593033, 0.0625, 0.1111111119389534, 0.25, 1.0, 1.0, 1.0, 0.25], [0.015625, 0.020408162847161293, 0.02777777798473835, 0.03999999910593033, 0.0625, 0.1111111119389534, 0.25, 1.0, 1.0, 1.0], [0.012345679104328156, 0.015625, 0.020408162847161293, 0.02777777798473835, 0.03999999910593033, 0.0625, 0.1111111119389534, 0.25, 1.0, 1.0]], "shortestPath": [[0.0, 1.0, 2.0, 3.0, 4.0, 5.0, 6.0, 7.0, 8.0, 9.0], [1.0, 0.0, 1.0, 2.0, 3.0, 4.0, 5.0, 6.0, 7.0, 8.0], [2.0, 1.0, 0.0, 1.0, 2.0, 3.0, 4.0, 5.0, 6.0, 7.0], [3.0, 2.0, 1.0, 0.0, 1.0, 2.0, 3.0, 4.0, 5.0, 6.0], [4.0, 3.0, 2.0, 1.0, 0.0, 1.0, 2.0, 3.0, 4.0, 5.0], [5.0, 4.0, 3.0, 2.0, 1.0, 0.0, 1.0, 2.0, 3.0, 4.0], [6.0, 5.0, 4.0, 3.0, 2.0, 1.0, 0.0, 1.0, 2.0, 3.0], [7.0, 6.0, 5.0, 4.0, 3.0, 2.0, 1.0, 0.0, 1.0, 2.0], [8.0, 7.0, 6.0, 5.0, 4.0, 3.0, 2.0, 1.0, 0.0, 1.0], [9.0, 8.0, 7.0, 6.0, 5.0, 4.0, 3.0, 2.0, 1.0, 0.0]], "euclideanDistance": [[0.0, 0.17974153898764467, 0.39873571501042493, 0.6324266318578523, 0.8728631647440517, 1.1158017272665517, 1.355722216713839, 1.5901712640055632, 1.8086283176444804, 1.9908708382854934], [0.17974153898764467, 0.0, 0.21947185854564719, 0.45391362304130356, 0.6953605590640215, 0.9392990571555212, 1.1801556936468305, 1.4153525793483206, 1.6343428503697695, 1.8169285136636009], [0.39873571501042493, 0.21947185854564719, 0.0, 0.23477882354776267, 0.47688398531036985, 0.7215276986125936, 0.9630752006914026, 1.198816192806666, 1.4181779185549428, 1.600990314206568], [0.6324266318578523, 0.45391362304130356, 0.23477882354776267, 0.0, 0.24243896018260847, 0.4874860274184735, 0.7294584745688278, 0.9655224975995572, 1.1850868897816658, 1.36801048958372], [0.8728631647440517, 0.6953605590640215, 0.47688398531036985, 0.24243896018260847, 0.0, 0.24516007441688203, 0.4873041419263781, 0.7234983224522699, 0.9431339017420168, 1.1260883087457478], [1.1158017272665517, 0.9392990571555212, 0.7215276986125936, 0.4874860274184735, 0.24516007441688203, 0.0, 0.24220911595455485, 0.47844983375315636, 0.6981030800545316, 0.881059333695307], [1.355722216713839, 1.1801556936468305, 0.9630752006914026, 0.7294584745688278, 0.4873041419263781, 0.24220911595455485, 0.0, 0.2362455267302973, 0.4558987294106278, 0.6388533028985482], [1.5901712640055632, 1.4153525793483206, 1.198816192806666, 0.9655224975995572, 0.7234983224522699, 0.47844983375315636, 0.2362455267302973, 0.0, 0.2196535589057713, 0.40260950880069374], [1.8086283176444804, 1.6343428503697695, 1.4181779185549428, 1.1850868897816658, 0.9431339017420168, 0.6981030800545316, 0.4558987294106278, 0.2196535589057713, 0.0, 0.18295725361626872], [1.9908708382854934, 1.8169285136636009, 1.600990314206568, 1.36801048958372, 1.1260883087457478, 0.881059333695307, 0.6388533028985482, 0.40260950880069374, 0.18295725361626872, 0.0]]}