{"name": "path-10", "nodes": [{"index": 0, "id": "0", "x": 10.0, "y": 438.07146874304397}, {"index": 1, "id": "1", "x": 91.81899050737061, "y": 440.0}, {"index": 2, "id": "2", "x": 185.9625988349964, "y": 423.05935531581497}, {"index": 3, "id": "3", "x": 277.8706773580187, "y": 387.12076697298596}, {"index": 4, "id": "4", "x": 356.58460054104916, "y": 334.3138438675636}, {"index": 5, "id": "5", "x": 414.196159553014, "y": 268.1873010742712}, {"index": 6, "id": "6", "x": 440.0, "y": 193.44187224632816}, {"index": 7, "id": "7", "x": 435.95174550286345, "y": 118.85480225172017}, {"index": 8, "id": "8", "x": 402.0109502413879, "y": 54.12691249128622}, {"index": 9, "id": "9", "x": 348.4003105012017, "y": 10.0}], "edges": [{"source": "0", "target": "1"}, {"source": "1", "target": "2"}, {"source": "2", "target": "3"}, {"source": "3", "target": "4"}, {"source": "4", "target": "5"}, {"source": "5", "target": "6"}, {"source": "6", "target": "7"}, {"source": "7", "target": "8"}, {"source": "8", "target": "9"}], "weight": [[1.0, 1.0, 0.25, 0.1111111119389534, 0.0625, 0.03999999910593033, 0.02777777798473835, 0.020408162847161293, 0.015625, 0.012345679104328156], [1.0, 1.0, 1.0, 0.25, 0.1111111119389534, 0.0625, 0.03999999910593033, 0.02777777798473835, 0.020408162847161293, 0.015625], [0.25, 1.0, 1.0, 1.0, 0.25, 0.1111111119389534, 0.0625, 0.03999999910593033, 0.02777777798473835, 0.020408162847161293], [0.1111111119389534, 0.25, 1.0, 1.0, 1.0, 0.25, 0.1111111119389534, 0.0625, 0.03999999910593033, 0.02777777798473835], [0.0625, 0.1111111119389534, 0.25, 1.0, 1.0, 1.0, 0.25, 0.1111111119389534, 0.0625, 0.03999999910593033], [0.03999999910593033, 0.0625, 0.1111111119389534, 0.25, 1.0, 1.0, 1.0, 0.25, 0.1111111119389534, 0.0625], [0.02777777798473835, 0.03999999910593033, 0.0625, 0.1111111119389534, 0.25, 1.0, 1.0, 1.0, 0.25, 0.1111111119389534], [0.020408162847161293, 0.02777777798473835, 0.03999999910593033, 0.0625, 0.1111111119389534, 0.25, 1.0, 1.0, 1.0, 0.25], [0.015625, 0.020408162847161293, 0.02777777798473835, 0.03999999910593033, 0.0625, 0.1111111119389534, 0.25, 1.0, 1.0, 1.0], [0.012345679104328156, 0.015625, 0.020408162847161293, 0.02777777798473835, 0.03999999910593033, 0.0625, 0.1111111119389534, 0.25, 1.0, 1.0]], "shortestPath": [[0.0, 1.0, 2.0, 3.0, 4.0, 5.0, 6.0, 7.0, 8.0, 9.0], [1.0, 0.0, 1.0, 2.0, 3.0, 4.0, 5.0, 6.0, 7.0, 8.0], [2.0, 1.0, 0.0, 1.0, 2.0, 3.0, 4.0, 5.0, 6.0, 7.0], [3.0, 2.0, 1.0, 0.0, 1.0, 2.0, 3.0, 4.0, 5.0, 6.0], [4.0, 3.0, 2.0, 1.0, 0.0, 1.0, 2.0, 3.0, 4.0, 5.0], [5.0, 4.0, 3.0, 2.0, 1.0, 0.0, 1.0, 2.0, 3.0, 4.0], [6.0, 5.0, 4.0, 3.0, 2.0, 1.0, 0.0, 1.0, 2.0, 3.0], [7.0, 6.0, 5.0, 4.0, 3.0, 2.0, 1.0, 0.0, 1.0, 2.0], [8.0, 7.0, 6.0, 5.0, 4.0, 3.0, 2.0, 1.0, 0.0, 1.0], [9.0, 8.0, 7.0, 6.0, 5.0, 4.0, 3.0, 2.0, 1.0, 0.0]], "euclideanDistance": [[0.0, 0.23041730274840397, 0.49871977426570696, 0.7796563481926033, 1.0559386858176976, 1.3161488844710583, 1.5404240578423576, 1.727307009677832, 1.8585631804909584, 1.9203457044986867], [0.23041730274840397, 0.0, 0.2730778591103316, 0.5627311989242316, 0.8513832863951429, 1.1275089608396496, 1.3721723171153433, 1.5821357596761771, 1.7382781005871344, 1.8240519435677425], [0.49871977426570696, 0.2730778591103316, 0.0, 0.29414235059891664, 0.5917274062004744, 0.8812658539003598, 1.145116445004043, 1.3781443484709093, 1.560478059631825, 1.6727019164137877], [0.7796563481926033, 0.5627311989242316, 0.29414235059891664, 0.0, 0.30232314869565396, 0.6015556288210947, 0.8817220699592712, 1.1357693668718345, 1.3433594546416954, 1.4823630033169002], [1.0559386858176976, 0.8513832863951429, 0.5917274062004744, 0.30232314869565396, 0.0, 0.3043768500306154, 0.5968619956629493, 0.8685059651113671, 1.0988846650142383, 1.2635195915831583], [1.3161488844710583, 1.1275089608396496, 0.8812658539003598, 0.6015556288210947, 0.3043768500306154, 0.0, 0.30008022280584346, 0.5849136380315205, 0.8345410107422002, 1.0226336283058388], [1.5404240578423576, 1.3721723171153433, 1.145116445004043, 0.8817220699592712, 0.5968619956629493, 0.30008022280584346, 0.0, 0.29076463454237494, 0.5531117736793018, 0.7596571599789143], [1.727307009677832, 1.5821357596761771, 1.3781443484709093, 1.1357693668718345, 0.8685059651113671, 0.5849136380315205, 0.29076463454237494, 0.0, 0.26962811415934973, 0.4904337121047823], [1.8585631804909584, 1.7382781005871344, 1.560478059631825, 1.3433594546416954, 1.0988846650142383, 0.8345410107422002, 0.5531117736793018, 0.26962811415934973, 0.0, 0.22872635112357387], [1.9203457044986867, 1.8240519435677425, 1.6727019164137877, 1.4823630033169002, 1.2635195915831583, 1.0226336283058388, 0.7596571599789143, 0.4904337121047823, 0.22872635112357387, 0.0]]}