{"name": "tree-2-4", "nodes": [{"index": 0, "id": "0", "x": 222.61375188113772, "y": 245.86411054684453}, {"index": 1, "id": "1", "x": 223.3123118909873, "y": 324.2765618800285}, {"index": 2, "id": "2", "x": 230.61367783711088, "y": 169.67676842890825}, {"index": 3, "id": "3", "x": 220.52820967536007, "y": 400.9498310892474}, {"index": 4, "id": "4", "x": 238.47668499403127, "y": 300.7089888106108}, {"index": 5, "id": "5", "x": 159.97661348407703, "y": 106.07761315213625}, {"index": 6, "id": "6", "x": 333.8377950907185, "y": 159.02052560554904}, {"index": 7, "id": "7", "x": 273.1251164387842, "y": 446.2520141653522}, {"index": 8, "id": "8", "x": 168.8290562601906, "y": 450.8285552718133}, {"index": 9, "id": "9", "x": 150.28464288610235, "y": 310.8658626886096}, {"index": 10, "id": "10", "x": 324.87381992957273, "y": 280.7920308402215}, {"index": 11, "id": "11", "x": 72.6447370621035, "y": 80.8641379079007}, {"index": 12, "id": "12", "x": 167.23603175941253, "y": 49.37264243424025}, {"index": 13, "id": "13", "x": 426.51133766027874, "y": 180.63994734410463}, {"index": 14, "id": "14", "x": 345.2373927631368, "y": 115.0675151103362}, {"index": 15, "id": "15", "x": 289.39948989737513, "y": 485.3987836960139}, {"index": 16, "id": "16", "x": 326.629641603515, "y": 457.055083123809}, {"index": 17, "id": "17", "x": 118.20766237087808, "y": 473.8943753219711}, {"index": 18, "id": "18", "x": 157.44872439773826, "y": 490.00000000000006}, {"index": 19, "id": "19", "x": 89.57761625837313, "y": 304.7379195331703}, {"index": 20, "id": "20", "x": 100.6192586213399, "y": 332.98202396098833}, {"index": 21, "id": "21", "x": 389.22879919392415, "y": 278.56867803472426}, {"index": 22, "id": "22", "x": 362.8653279273914, "y": 247.8442812307279}, {"index": 23, "id": "23", "x": 29.676841007961002, "y": 50.76753425543393}, {"index": 24, "id": "24", "x": 10.0, "y": 77.0535182783201}, {"index": 25, "id": "25", "x": 210.60669785295462, "y": 24.82343066518203}, {"index": 26, "id": "26", "x": 148.3556160301581, "y": 10.0}, {"index": 27, "id": "27", "x": 476.4923285252068, "y": 209.60028860042635}, {"index": 28, "id": "28", "x": 490.0, "y": 178.99056971503632}, {"index": 29, "id": "29", "x": 308.91876280040645, "y": 94.453497779971}, {"index": 30, "id": "30", "x": 373.4043680834643, "y": 85.13214336688958}], "edges": [{"source": "0", "target": "1"}, {"source": "0", "target": "2"}, {"source": "1", "target": "3"}, {"source": "1", "target": "4"}, {"source": "2", "target": "5"}, {"source": "2", "target": "6"}, {"source": "3", "target": "7"}, {"source": "3", "target": "8"}, {"source": "4", "target": "9"}, {"source": "4", "target": "10"}, {"source": "5", "target": "11"}, {"source": "5", "target": "12"}, {"source": "6", "target": "13"}, {"source": "6", "target": "14"}, {"source": "7", "target": "15"}, {"source": "7", "target": "16"}, {"source": "8", "target": "17"}, {"source": "8", "target": "18"}, {"source": "9", "target": "19"}, {"source": "9", "target": "20"}, {"source": "10", "target": "21"}, {"source": "10", "target": "22"}, {"source": "11", "target": "23"}, {"source": "11", "target": "24"}, {"source": "12", "target": "25"}, {"source": "12", "target": "26"}, {"source": "13", "target": "27"}, {"source": "13", "target": "28"}, {"source": "14", "target": "29"}, {"source": "14", "target": "30"}], "weight": [[1.0, 1.0, 1.0, 0.25, 0.25, 0.25, 0.25, 0.1111111119389534, 0.1111111119389534, 0.1111111119389534, 0.1111111119389534, 0.1111111119389534, 0.1111111119389534, 0.1111111119389534, 0.1111111119389534, 0.0625, 0.0625, 0.0625, 0.0625, 0.0625, 0.0625, 0.0625, 0.0625, 0.0625, 0.0625, 0.0625, 0.0625, 0.0625, 0.0625, 0.0625, 0.0625], [1.0, 1.0, 0.25, 1.0, 1.0, 0.1111111119389534, 0.1111111119389534, 0.25, 0.25, 0.25, 0.25, 0.0625, 0.0625, 0.0625, 0.0625, 0.1111111119389534, 0.1111111119389534, 0.1111111119389534, 0.1111111119389534, 0.1111111119389534, 0.1111111119389534, 0.1111111119389534, 0.1111111119389534, 0.03999999910593033, 0.03999999910593033, 0.03999999910593033, 0.03999999910593033, 0.03999999910593033, 0.03999999910593033, 0.03999999910593033, 0.03999999910593033], [1.0, 0.25, 1.0, 0.1111111119389534, 0.1111111119389534, 1.0, 1.0, 0.0625, 0.0625, 0.0625, 0.0625, 0.25, 0.25, 0.25, 0.25, 0.03999999910593033, 0.03999999910593033, 0.03999999910593033, 0.03999999910593033, 0.03999999910593033, 0.03999999910593033, 0.03999999910593033, 0.03999999910593033, 0.1111111119389534, 0.1111111119389534, 0.1111111119389534, 0.1111111119389534, 0.1111111119389534, 0.1111111119389534, 0.1111111119389534, 0.1111111119389534], [0.25, 1.0, 0.1111111119389534, 1.0, 0.25, 0.0625, 0.0625, 1.0, 1.0, 0.1111111119389534, 0.1111111119389534, 0.03999999910593033, 0.03999999910593033, 0.03999999910593033, 0.03999999910593033, 0.25, 0.25, 0.25, 0.25, 0.0625, 0.0625, 0.0625, 0.0625, 0.02777777798473835, 0.02777777798473835, 0.02777777798473835, 0.02777777798473835, 0.02777777798473835, 0.02777777798473835, 0.02777777798473835, 0.02777777798473835], [0.25, 1.0, 0.1111111119389534, 0.25, 1.0, 0.0625, 0.0625, 0.1111111119389534, 0.1111111119389534, 1.0, 1.0, 0.03999999910593033, 0.03999999910593033, 0.03999999910593033, 0.03999999910593033, 0.0625, 0.0625, 0.0625, 0.0625, 0.25, 0.25, 0.25, 0.25, 0.02777777798473835, 0.02777777798473835, 0.02777777798473835, 0.02777777798473835, 0.02777777798473835, 0.02777777798473835, 0.02777777798473835, 0.02777777798473835], [0.25, 0.1111111119389534, 1.0, 0.0625, 0.0625, 1.0, 0.25, 0.03999999910593033, 0.03999999910593033, 0.03999999910593033, 0.03999999910593033, 1.0, 1.0, 0.1111111119389534, 0.1111111119389534, 0.02777777798473835, 0.02777777798473835, 0.02777777798473835, 0.02777777798473835, 0.02777777798473835, 0.02777777798473835, 0.02777777798473835, 0.02777777798473835, 0.25, 0.25, 0.25, 0.25, 0.0625, 0.0625, 0.0625, 0.0625], [0.25, 0.1111111119389534, 1.0, 0.0625, 0.0625, 0.25, 1.0, 0.03999999910593033, 0.03999999910593033, 0.03999999910593033, 0.03999999910593033, 0.1111111119389534, 0.1111111119389534, 1.0, 1.0, 0.02777777798473835, 0.02777777798473835, 0.02777777798473835, 0.02777777798473835, 0.02777777798473835, 0.02777777798473835, 0.02777777798473835, 0.02777777798473835, 0.0625, 0.0625, 0.0625, 0.0625, 0.25, 0.25, 0.25, 0.25], [0.1111111119389534, 0.25, 0.0625, 1.0, 0.1111111119389534, 0.03999999910593033, 0.03999999910593033, 1.0, 0.25, 0.0625, 0.0625, 0.02777777798473835, 0.02777777798473835, 0.02777777798473835, 0.02777777798473835, 1.0, 1.0, 0.1111111119389534, 0.1111111119389534, 0.03999999910593033, 0.03999999910593033, 0.03999999910593033, 0.03999999910593033, 0.020408162847161293, 0.020408162847161293, 0.020408162847161293, 0.020408162847161293, 0.020408162847161293, 0.020408162847161293, 0.020408162847161293, 0.020408162847161293], [0.1111111119389534, 0.25, 0.0625, 1.0, 0.1111111119389534, 0.03999999910593033, 0.03999999910593033, 0.25, 1.0, 0.0625, 0.0625, 0.02777777798473835, 0.02777777798473835, 0.02777777798473835, 0.02777777798473835, 0.1111111119389534, 0.1111111119389534, 1.0, 1.0, 0.03999999910593033, 0.03999999910593033, 0.03999999910593033, 0.03999999910593033, 0.020408162847161293, 0.020408162847161293, 0.020408162847161293, 0.020408162847161293, 0.020408162847161293, 0.020408162847161293, 0.020408162847161293, 0.020408162847161293], [0.1111111119389534, 0.25, 0.0625, 0.1111111119389534, 1.0, 0.03999999910593033, 0.03999999910593033, 0.0625, 0.0625, 1.0, 0.25, 0.02777777798473835, 0.02777777798473835, 0.02777777798473835, 0.02777777798473835, 0.03999999910593033, 0.03999999910593033, 0.03999999910593033, 0.03999999910593033, 1.0, 1.0, 0.1111111119389534, 0.1111111119389534, 0.020408162847161293, 0.020408162847161293, 0.020408162847161293, 0.020408162847161293, 0.020408162847161293, 0.020408162847161293, 0.020408162847161293, 0.020408162847161293], [0.1111111119389534, 0.25, 0.0625, 0.1111111119389534, 1.0, 0.03999999910593033, 0.03999999910593033, 0.0625, 0.0625, 0.25, 1.0, 0.02777777798473835, 0.02777777798473835, 0.02777777798473835, 0.02777777798473835, 0.03999999910593033, 0.03999999910593033, 0.03999999910593033, 0.03999999910593033, 0.1111111119389534, 0.1111111119389534, 1.0, 1.0, 0.020408162847161293, 0.020408162847161293, 0.020408162847161293, 0.020408162847161293, 0.020408162847161293, 0.020408162847161293, 0.020408162847161293, 0.020408162847161293], [0.1111111119389534, 0.0625, 0.25, 0.03999999910593033, 0.03999999910593033, 1.0, 0.1111111119389534, 0.02777777798473835, 0.02777777798473835, 0.02777777798473835, 0.02777777798473835, 1.0, 0.25, 0.0625, 0.0625, 0.020408162847161293, 0.020408162847161293, 0.020408162847161293, 0.020408162847161293, 0.020408162847161293, 0.020408162847161293, 0.020408162847161293, 0.020408162847161293, 1.0, 1.0, 0.1111111119389534, 0.1111111119389534, 0.03999999910593033, 0.03999999910593033, 0.03999999910593033, 0.03999999910593033], [0.1111111119389534, 0.0625, 0.25, 0.03999999910593033, 0.03999999910593033, 1.0, 0.1111111119389534, 0.02777777798473835, 0.02777777798473835, 0.02777777798473835, 0.02777777798473835, 0.25, 1.0, 0.0625, 0.0625, 0.020408162847161293, 0.020408162847161293, 0.020408162847161293, 0.020408162847161293, 0.020408162847161293, 0.020408162847161293, 0.020408162847161293, 0.020408162847161293, 0.1111111119389534, 0.1111111119389534, 1.0, 1.0, 0.03999999910593033, 0.03999999910593033, 0.03999999910593033, 0.03999999910593033], [0.1111111119389534, 0.0625, 0.25, 0.03999999910593033, 0.03999999910593033, 0.1111111119389534, 1.0, 0.02777777798473835, 0.02777777798473835, 0.02777777798473835, 0.02777777798473835, 0.0625, 0.0625, 1.0, 0.25, 0.020408162847161293, 0.020408162847161293, 0.020408162847161293, 0.020408162847161293, 0.020408162847161293, 0.020408162847161293, 0.020408162847161293, 0.020408162847161293, 0.03999999910593033, 0.03999999910593033, 0.03999999910593033, 0.03999999910593033, 1.0, 1.0, 0.1111111119389534, 0.1111111119389534], [0.1111111119389534, 0.0625, 0.25, 0.03999999910593033, 0.03999999910593033, 0.1111111119389534, 1.0, 0.02777777798473835, 0.02777777798473835, 0.02777777798473835, 0.02777777798473835, 0.0625, 0.0625, 0.25, 1.0, 0.020408162847161293, 0.020408162847161293, 0.020408162847161293, 0.020408162847161293, 0.020408162847161293, 0.020408162847161293, 0.020408162847161293, 0.020408162847161293, 0.03999999910593033, 0.03999999910593033, 0.03999999910593033, 0.03999999910593033, 0.1111111119389534, 0.1111111119389534, 1.0, 1.0], [0.0625, 0.1111111119389534, 0.03999999910593033, 0.25, 0.0625, 0.02777777798473835, 0.02777777798473835, 1.0, 0.1111111119389534, 0.03999999910593033, 0.03999999910593033, 0.020408162847161293, 0.020408162847161293, 0.020408162847161293, 0.020408162847161293, 1.0, 0.25, 0.0625, 0.0625, 0.02777777798473835, 0.02777777798473835, 0.02777777798473835, 0.02777777798473835, 0.015625, 0.015625, 0.015625, 0.015625, 0.015625, 0.015625, 0.015625, 0.015625], [0.0625, 0.1111111119389534, 0.03999999910593033, 0.25, 0.0625, 0.02777777798473835, 0.02777777798473835, 1.0, 0.1111111119389534, 0.03999999910593033, 0.03999999910593033, 0.020408162847161293, 0.020408162847161293, 0.020408162847161293, 0.020408162847161293, 0.25, 1.0, 0.0625, 0.0625, 0.02777777798473835, 0.02777777798473835, 0.02777777798473835, 0.02777777798473835, 0.015625, 0.015625, 0.015625, 0.015625, 0.015625, 0.015625, 0.015625, 0.015625], [0.0625, 0.1111111119389534, 0.03999999910593033, 0.25, 0.0625, 0.02777777798473835, 0.02777777798473835, 0.1111111119389534, 1.0, 0.03999999910593033, 0.03999999910593033, 0.020408162847161293, 0.020408162847161293, 0.020408162847161293, 0.020408162847161293, 0.0625, 0.0625, 1.0, 0.25, 0.02777777798473835, 0.02777777798473835, 0.02777777798473835, 0.02777777798473835, 0.015625, 0.015625, 0.015625, 0.015625, 0.015625, 0.015625, 0.015625, 0.015625], [0.0625, 0.1111111119389534, 0.03999999910593033, 0.25, 0.0625, 0.02777777798473835, 0.02777777798473835, 0.1111111119389534, 1.0, 0.03999999910593033, 0.03999999910593033, 0.020408162847161293, 0.020408162847161293, 0.020408162847161293, 0.020408162847161293, 0.0625, 0.0625, 0.25, 1.0, 0.02777777798473835, 0.02777777798473835, 0.02777777798473835, 0.02777777798473835, 0.015625, 0.015625, 0.015625, 0.015625, 0.015625, 0.015625, 0.015625, 0.015625], [0.0625, 0.1111111119389534, 0.03999999910593033, 0.0625, 0.25, 0.02777777798473835, 0.02777777798473835, 0.03999999910593033, 0.03999999910593033, 1.0, 0.1111111119389534, 0.020408162847161293, 0.020408162847161293, 0.020408162847161293, 0.020408162847161293, 0.02777777798473835, 0.02777777798473835, 0.02777777798473835, 0.02777777798473835, 1.0, 0.25, 0.0625, 0.0625, 0.015625, 0.015625, 0.015625, 0.015625, 0.015625, 0.015625, 0.015625, 0.015625], [0.0625, 0.1111111119389534, 0.03999999910593033, 0.0625, 0.25, 0.02777777798473835, 0.02777777798473835, 0.03999999910593033, 0.03999999910593033, 1.0, 0.1111111119389534, 0.020408162847161293, 0.020408162847161293, 0.020408162847161293, 0.020408162847161293, 0.02777777798473835, 0.02777777798473835, 0.02777777798473835, 0.02777777798473835, 0.25, 1.0, 0.0625, 0.0625, 0.015625, 0.015625, 0.015625, 0.015625, 0.015625, 0.015625, 0.015625, 0.015625], [0.0625, 0.1111111119389534, 0.03999999910593033, 0.0625, 0.25, 0.02777777798473835, 0.02777777798473835, 0.03999999910593033, 0.03999999910593033, 0.1111111119389534, 1.0, 0.020408162847161293, 0.020408162847161293, 0.020408162847161293, 0.020408162847161293, 0.02777777798473835, 0.02777777798473835, 0.02777777798473835, 0.02777777798473835, 0.0625, 0.0625, 1.0, 0.25, 0.015625, 0.015625, 0.015625, 0.015625, 0.015625, 0.015625, 0.015625, 0.015625], [0.0625, 0.1111111119389534, 0.03999999910593033, 0.0625, 0.25, 0.02777777798473835, 0.02777777798473835, 0.03999999910593033, 0.03999999910593033, 0.1111111119389534, 1.0, 0.020408162847161293, 0.020408162847161293, 0.020408162847161293, 0.020408162847161293, 0.02777777798473835, 0.02777777798473835, 0.02777777798473835, 0.02777777798473835, 0.0625, 0.0625, 0.25, 1.0, 0.015625, 0.015625, 0.015625, 0.015625, 0.015625, 0.015625, 0.015625, 0.015625], [0.0625, 0.03999999910593033, 0.1111111119389534, 0.02777777798473835, 0.02777777798473835, 0.25, 0.0625, 0.020408162847161293, 0.020408162847161293, 0.020408162847161293, 0.020408162847161293, 1.0, 0.1111111119389534, 0.03999999910593033, 0.03999999910593033, 0.015625, 0.015625, 0.015625, 0.015625, 0.015625, 0.015625, 0.015625, 0.015625, 1.0, 0.25, 0.0625, 0.0625, 0.02777777798473835, 0.02777777798473835, 0.02777777798473835, 0.02777777798473835], [0.0625, 0.03999999910593033, 0.1111111119389534, 0.02777777798473835, 0.02777777798473835, 0.25, 0.0625, 0.020408162847161293, 0.020408162847161293, 0.020408162847161293, 0.020408162847161293, 1.0, 0.1111111119389534, 0.03999999910593033, 0.03999999910593033, 0.015625, 0.015625, 0.015625, 0.015625, 0.015625, 0.015625, 0.015625, 0.015625, 0.25, 1.0, 0.0625, 0.0625, 0.02777777798473835, 0.02777777798473835, 0.02777777798473835, 0.02777777798473835], [0.0625, 0.03999999910593033, 0.1111111119389534, 0.02777777798473835, 0.02777777798473835, 0.25, 0.0625, 0.020408162847161293, 0.020408162847161293, 0.020408162847161293, 0.020408162847161293, 0.1111111119389534, 1.0, 0.03999999910593033, 0.03999999910593033, 0.015625, 0.015625, 0.015625, 0.015625, 0.015625, 0.015625, 0.015625, 0.015625, 0.0625, 0.0625, 1.0, 0.25, 0.02777777798473835, 0.02777777798473835, 0.02777777798473835, 0.02777777798473835], [0.0625, 0.03999999910593033, 0.1111111119389534, 0.02777777798473835, 0.02777777798473835, 0.25, 0.0625, 0.020408162847161293, 0.020408162847161293, 0.020408162847161293, 0.020408162847161293, 0.1111111119389534, 1.0, 0.03999999910593033, 0.03999999910593033, 0.015625, 0.015625, 0.015625, 0.015625, 0.015625, 0.015625, 0.015625, 0.015625, 0.0625, 0.0625, 0.25, 1.0, 0.02777777798473835, 0.02777777798473835, 0.02777777798473835, 0.02777777798473835], [0.0625, 0.03999999910593033, 0.1111111119389534, 0.02777777798473835, 0.02777777798473835, 0.0625, 0.25, 0.020408162847161293, 0.020408162847161293, 0.020408162847161293, 0.020408162847161293, 0.03999999910593033, 0.03999999910593033, 1.0, 0.1111111119389534, 0.015625, 0.015625, 0.015625, 0.015625, 0.015625, 0.015625, 0.015625, 0.015625, 0.02777777798473835, 0.02777777798473835, 0.02777777798473835, 0.02777777798473835, 1.0, 0.25, 0.0625, 0.0625], [0.0625, 0.03999999910593033, 0.1111111119389534, 0.02777777798473835, 0.02777777798473835, 0.0625, 0.25, 0.020408162847161293, 0.020408162847161293, 0.020408162847161293, 0.020408162847161293, 0.03999999910593033, 0.03999999910593033, 1.0, 0.1111111119389534, 0.015625, 0.015625, 0.015625, 0.015625, 0.015625, 0.015625, 0.015625, 0.015625, 0.02777777798473835, 0.02777777798473835, 0.02777777798473835, 0.02777777798473835, 0.25, 1.0, 0.0625, 0.0625], [0.0625, 0.03999999910593033, 0.1111111119389534, 0.02777777798473835, 0.02777777798473835, 0.0625, 0.25, 0.020408162847161293, 0.020408162847161293, 0.020408162847161293, 0.020408162847161293, 0.03999999910593033, 0.03999999910593033, 0.1111111119389534, 1.0, 0.015625, 0.015625, 0.015625, 0.015625, 0.015625, 0.015625, 0.015625, 0.015625, 0.02777777798473835, 0.02777777798473835, 0.02777777798473835, 0.02777777798473835, 0.0625, 0.0625, 1.0, 0.25], [0.0625, 0.03999999910593033, 0.1111111119389534, 0.02777777798473835, 0.02777777798473835, 0.0625, 0.25, 0.020408162847161293, 0.020408162847161293, 0.020408162847161293, 0.020408162847161293, 0.03999999910593033, 0.03999999910593033, 0.1111111119389534, 1.0, 0.015625, 0.015625, 0.015625, 0.015625, 0.015625, 0.015625, 0.015625, 0.015625, 0.02777777798473835, 0.02777777798473835, 0.02777777798473835, 0.02777777798473835, 0.0625, 0.0625, 0.25, 1.0]], "shortestPath": [[0.0, 1.0, 1.0, 2.0, 2.0, 2.0, 2.0, 3.0, 3.0, 3.0, 3.0, 3.0, 3.0, 3.0, 3.0, 4.0, 4.0, 4.0, 4.0, 4.0, 4.0, 4.0, 4.0, 4.0, 4.0, 4.0, 4.0, 4.0, 4.0, 4.0, 4.0], [1.0, 0.0, 2.0, 1.0, 1.0, 3.0, 3.0, 2.0, 2.0, 2.0, 2.0, 4.0, 4.0, 4.0, 4.0, 3.0, 3.0, 3.0, 3.0, 3.0, 3.0, 3.0, 3.0, 5.0, 5.0, 5.0, 5.0, 5.0, 5.0, 5.0, 5.0], [1.0, 2.0, 0.0, 3.0, 3.0, 1.0, 1.0, 4.0, 4.0, 4.0, 4.0, 2.0, 2.0, 2.0, 2.0, 5.0, 5.0, 5.0, 5.0, 5.0, 5.0, 5.0, 5.0, 3.0, 3.0, 3.0, 3.0, 3.0, 3.0, 3.0, 3.0], [2.0, 1.0, 3.0, 0.0, 2.0, 4.0, 4.0, 1.0, 1.0, 3.0, 3.0, 5.0, 5.0, 5.0, 5.0, 2.0, 2.0, 2.0, 2.0, 4.0, 4.0, 4.0, 4.0, 6.0, 6.0, 6.0, 6.0, 6.0, 6.0, 6.0, 6.0], [2.0, 1.0, 3.0, 2.0, 0.0, 4.0, 4.0, 3.0, 3.0, 1.0, 1.0, 5.0, 5.0, 5.0, 5.0, 4.0, 4.0, 4.0, 4.0, 2.0, 2.0, 2.0, 2.0, 6.0, 6.0, 6.0, 6.0, 6.0, 6.0, 6.0, 6.0], [2.0, 3.0, 1.0, 4.0, 4.0, 0.0, 2.0, 5.0, 5.0, 5.0, 5.0, 1.0, 1.0, 3.0, 3.0, 6.0, 6.0, 6.0, 6.0, 6.0, 6.0, 6.0, 6.0, 2.0, 2.0, 2.0, 2.0, 4.0, 4.0, 4.0, 4.0], [2.0, 3.0, 1.0, 4.0, 4.0, 2.0, 0.0, 5.0, 5.0, 5.0, 5.0, 3.0, 3.0, 1.0, 1.0, 6.0, 6.0, 6.0, 6.0, 6.0, 6.0, 6.0, 6.0, 4.0, 4.0, 4.0, 4.0, 2.0, 2.0, 2.0, 2.0], [3.0, 2.0, 4.0, 1.0, 3.0, 5.0, 5.0, 0.0, 2.0, 4.0, 4.0, 6.0, 6.0, 6.0, 6.0, 1.0, 1.0, 3.0, 3.0, 5.0, 5.0, 5.0, 5.0, 7.0, 7.0, 7.0, 7.0, 7.0, 7.0, 7.0, 7.0], [3.0, 2.0, 4.0, 1.0, 3.0, 5.0, 5.0, 2.0, 0.0, 4.0, 4.0, 6.0, 6.0, 6.0, 6.0, 3.0, 3.0, 1.0, 1.0, 5.0, 5.0, 5.0, 5.0, 7.0, 7.0, 7.0, 7.0, 7.0, 7.0, 7.0, 7.0], [3.0, 2.0, 4.0, 3.0, 1.0, 5.0, 5.0, 4.0, 4.0, 0.0, 2.0, 6.0, 6.0, 6.0, 6.0, 5.0, 5.0, 5.0, 5.0, 1.0, 1.0, 3.0, 3.0, 7.0, 7.0, 7.0, 7.0, 7.0, 7.0, 7.0, 7.0], [3.0, 2.0, 4.0, 3.0, 1.0, 5.0, 5.0, 4.0, 4.0, 2.0, 0.0, 6.0, 6.0, 6.0, 6.0, 5.0, 5.0, 5.0, 5.0, 3.0, 3.0, 1.0, 1.0, 7.0, 7.0, 7.0, 7.0, 7.0, 7.0, 7.0, 7.0], [3.0, 4.0, 2.0, 5.0, 5.0, 1.0, 3.0, 6.0, 6.0, 6.0, 6.0, 0.0, 2.0, 4.0, 4.0, 7.0, 7.0, 7.0, 7.0, 7.0, 7.0, 7.0, 7.0, 1.0, 1.0, 3.0, 3.0, 5.0, 5.0, 5.0, 5.0], [3.0, 4.0, 2.0, 5.0, 5.0, 1.0, 3.0, 6.0, 6.0, 6.0, 6.0, 2.0, 0.0, 4.0, 4.0, 7.0, 7.0, 7.0, 7.0, 7.0, 7.0, 7.0, 7.0, 3.0, 3.0, 1.0, 1.0, 5.0, 5.0, 5.0, 5.0], [3.0, 4.0, 2.0, 5.0, 5.0, 3.0, 1.0, 6.0, 6.0, 6.0, 6.0, 4.0, 4.0, 0.0, 2.0, 7.0, 7.0, 7.0, 7.0, 7.0, 7.0, 7.0, 7.0, 5.0, 5.0, 5.0, 5.0, 1.0, 1.0, 3.0, 3.0], [3.0, 4.0, 2.0, 5.0, 5.0, 3.0, 1.0, 6.0, 6.0, 6.0, 6.0, 4.0, 4.0, 2.0, 0.0, 7.0, 7.0, 7.0, 7.0, 7.0, 7.0, 7.0, 7.0, 5.0, 5.0, 5.0, 5.0, 3.0, 3.0, 1.0, 1.0], [4.0, 3.0, 5.0, 2.0, 4.0, 6.0, 6.0, 1.0, 3.0, 5.0, 5.0, 7.0, 7.0, 7.0, 7.0, 0.0, 2.0, 4.0, 4.0, 6.0, 6.0, 6.0, 6.0, 8.0, 8.0, 8.0, 8.0, 8.0, 8.0, 8.0, 8.0], [4.0, 3.0, 5.0, 2.0, 4.0, 6.0, 6.0, 1.0, 3.0, 5.0, 5.0, 7.0, 7.0, 7.0, 7.0, 2.0, 0.0, 4.0, 4.0, 6.0, 6.0, 6.0, 6.0, 8.0, 8.0, 8.0, 8.0, 8.0, 8.0, 8.0, 8.0], [4.0, 3.0, 5.0, 2.0, 4.0, 6.0, 6.0, 3.0, 1.0, 5.0, 5.0, 7.0, 7.0, 7.0, 7.0, 4.0, 4.0, 0.0, 2.0, 6.0, 6.0, 6.0, 6.0, 8.0, 8.0, 8.0, 8.0, 8.0, 8.0, 8.0, 8.0], [4.0, 3.0, 5.0, 2.0, 4.0, 6.0, 6.0, 3.0, 1.0, 5.0, 5.0, 7.0, 7.0, 7.0, 7.0, 4.0, 4.0, 2.0, 0.0, 6.0, 6.0, 6.0, 6.0, 8.0, 8.0, 8.0, 8.0, 8.0, 8.0, 8.0, 8.0], [4.0, 3.0, 5.0, 4.0, 2.0, 6.0, 6.0, 5.0, 5.0, 1.0, 3.0, 7.0, 7.0, 7.0, 7.0, 6.0, 6.0, 6.0, 6.0, 0.0, 2.0, 4.0, 4.0, 8.0, 8.0, 8.0, 8.0, 8.0, 8.0, 8.0, 8.0], [4.0, 3.0, 5.0, 4.0, 2.0, 6.0, 6.0, 5.0, 5.0, 1.0, 3.0, 7.0, 7.0, 7.0, 7.0, 6.0, 6.0, 6.0, 6.0, 2.0, 0.0, 4.0, 4.0, 8.0, 8.0, 8.0, 8.0, 8.0, 8.0, 8.0, 8.0], [4.0, 3.0, 5.0, 4.0, 2.0, 6.0, 6.0, 5.0, 5.0, 3.0, 1.0, 7.0, 7.0, 7.0, 7.0, 6.0, 6.0, 6.0, 6.0, 4.0, 4.0, 0.0, 2.0, 8.0, 8.0, 8.0, 8.0, 8.0, 8.0, 8.0, 8.0], [4.0, 3.0, 5.0, 4.0, 2.0, 6.0, 6.0, 5.0, 5.0, 3.0, 1.0, 7.0, 7.0, 7.0, 7.0, 6.0, 6.0, 6.0, 6.0, 4.0, 4.0, 2.0, 0.0, 8.0, 8.0, 8.0, 8.0, 8.0, 8.0, 8.0, 8.0], [4.0, 5.0, 3.0, 6.0, 6.0, 2.0, 4.0, 7.0, 7.0, 7.0, 7.0, 1.0, 3.0, 5.0, 5.0, 8.0, 8.0, 8.0, 8.0, 8.0, 8.0, 8.0, 8.0, 0.0, 2.0, 4.0, 4.0, 6.0, 6.0, 6.0, 6.0], [4.0, 5.0, 3.0, 6.0, 6.0, 2.0, 4.0, 7.0, 7.0, 7.0, 7.0, 1.0, 3.0, 5.0, 5.0, 8.0, 8.0, 8.0, 8.0, 8.0, 8.0, 8.0, 8.0, 2.0, 0.0, 4.0, 4.0, 6.0, 6.0, 6.0, 6.0], [4.0, 5.0, 3.0, 6.0, 6.0, 2.0, 4.0, 7.0, 7.0, 7.0, 7.0, 3.0, 1.0, 5.0, 5.0, 8.0, 8.0, 8.0, 8.0, 8.0, 8.0, 8.0, 8.0, 4.0, 4.0, 0.0, 2.0, 6.0, 6.0, 6.0, 6.0], [4.0, 5.0, 3.0, 6.0, 6.0, 2.0, 4.0, 7.0, 7.0, 7.0, 7.0, 3.0, 1.0, 5.0, 5.0, 8.0, 8.0, 8.0, 8.0, 8.0, 8.0, 8.0, 8.0, 4.0, 4.0, 2.0, 0.0, 6.0, 6.0, 6.0, 6.0], [4.0, 5.0, 3.0, 6.0, 6.0, 4.0, 2.0, 7.0, 7.0, 7.0, 7.0, 5.0, 5.0, 1.0, 3.0, 8.0, 8.0, 8.0, 8.0, 8.0, 8.0, 8.0, 8.0, 6.0, 6.0, 6.0, 6.0, 0.0, 2.0, 4.0, 4.0], [4.0, 5.0, 3.0, 6.0, 6.0, 4.0, 2.0, 7.0, 7.0, 7.0, 7.0, 5.0, 5.0, 1.0, 3.0, 8.0, 8.0, 8.0, 8.0, 8.0, 8.0, 8.0, 8.0, 6.0, 6.0, 6.0, 6.0, 2.0, 0.0, 4.0, 4.0], [4.0, 5.0, 3.0, 6.0, 6.0, 4.0, 2.0, 7.0, 7.0, 7.0, 7.0, 5.0, 5.0, 3.0, 1.0, 8.0, 8.0, 8.0, 8.0, 8.0, 8.0, 8.0, 8.0, 6.0, 6.0, 6.0, 6.0, 4.0, 4.0, 0.0, 2.0], [4.0, 5.0, 3.0, 6.0, 6.0, 4.0, 2.0, 7.0, 7.0, 7.0, 7.0, 5.0, 5.0, 3.0, 1.0, 8.0, 8.0, 8.0, 8.0, 8.0, 8.0, 8.0, 8.0, 6.0, 6.0, 6.0, 6.0, 4.0, 4.0, 2.0, 0.0]], "euclideanDistance": [[0.0, 0.31295038183328117, 0.3047171463708558, 0.6189717767951378, 0.22242360166539768, 0.5792901661833181, 0.4436873838616116, 0.8095852382789944, 0.8289115971644943, 0.31583098620291006, 0.2903325119563392, 0.7570643104215019, 0.7962366242146209, 0.57063942105521, 0.6047823186066272, 0.970349087885589, 0.8817780719659851, 0.9464908690158493, 0.9877746435356475, 0.4061851417525647, 0.4617344542063376, 0.4349987793405604, 0.34938575669688043, 0.9149644810430818, 0.8569086041259317, 0.8826841297143947, 0.9593331129169385, 0.6486370635309651, 0.7174178699420317, 0.641371731760293, 0.7433271309090782], [0.31295038183328117, 0.0, 0.6172785343438986, 0.3060829848365875, 0.10135758081876793, 0.8850065145562542, 0.714676791305465, 0.5023653360088367, 0.5229808544541953, 0.18958710811582813, 0.30675201125199236, 1.041414626063147, 1.1059995791145847, 0.764674180437154, 0.8884590033325525, 0.6637714958852772, 0.5890892411796095, 0.651982418067743, 0.6814424919707162, 0.3420727314588833, 0.30753576205725547, 0.4516900386053421, 0.46243551923431586, 1.193360801576789, 1.1206034014641069, 1.195541831506258, 1.2680995844730854, 0.7791359897513683, 0.8816776778190534, 0.9416808447794138, 1.025019869933403], [0.3047171463708558, 0.6172785343438986, 0.0, 0.923356778081099, 0.5233185460202878, 0.30882959213699557, 0.26057364041524655, 1.1088828892971094, 1.1325834889828077, 0.5979488270958708, 0.5017661731321456, 0.5295443838920134, 0.505415327845539, 0.48984091677022634, 0.3591572589032392, 1.2685293824234476, 1.1715952563990928, 1.2459942534907302, 1.2913366951872784, 0.6433752167959769, 0.7277350703695468, 0.5872967220385988, 0.4536632138838166, 0.6896729731913845, 0.6622171337325558, 0.580255685035867, 0.6693921823174976, 0.6327504507346864, 0.6470698547033517, 0.35799835900436366, 0.4902216804855062], [0.6189717767951378, 0.3060829848365875, 0.923356778081099, 0.0, 0.4025526044191297, 1.1864633467404273, 1.0059379853660317, 0.22326744463254797, 0.23707787025169685, 0.3998300171290062, 0.5454391791794906, 1.329500602898008, 1.4094142828281058, 1.0179731483195422, 1.182479749326622, 0.37817269862865516, 0.3463589753347077, 0.38689860744220406, 0.3885743105498334, 0.5037912358514102, 0.4034403658946968, 0.644270333344721, 0.7064290403824616, 1.4761997020448463, 1.3949635916571923, 1.501330785512865, 1.5706072823364285, 0.9947789046472818, 1.1113593698209372, 1.2428829232819587, 1.3166836394939554], [0.22242360166539768, 0.10135758081876793, 0.5233185460202878, 0.4025526044191297, 0.0, 0.8010025658827089, 0.6133300673350935, 0.5872395861892349, 0.623734051126006, 0.22335144944204546, 0.2293849633229271, 0.9697483281466642, 1.01865848453144, 0.6700264498875365, 0.7871637618716347, 0.7479312186925676, 0.66147650582574, 0.753296974747319, 0.7819520478019296, 0.37118138047136995, 0.36669890117488446, 0.38570593647986334, 0.374811886258594, 1.1249286481189256, 1.0585570175311916, 1.1032499834261915, 1.181735226656883, 0.695415203988701, 0.7927059856430188, 0.8416565558852815, 0.9236663821906511], [0.5792901661833181, 0.8850065145562542, 0.30882959213699557, 1.1864633467404273, 0.8010025658827089, 0.0, 0.4818049034886148, 1.3865791758492383, 1.3760840216492314, 0.8176700531918757, 0.8092380519975472, 0.23964995254986193, 0.22703161331243182, 0.7274544024386653, 0.4627846356920218, 1.5478117036935928, 1.4609543477654419, 1.4716447195982745, 1.532254292293921, 0.8120112594472336, 0.9175664235862666, 0.8943722673250344, 0.7585804333781532, 0.39247340198183295, 0.39106588852552887, 0.34793930680178753, 0.38453823641696044, 0.889994612408553, 0.8719153268987553, 0.37383000859744325, 0.5380746487483191], [0.4436873838616116, 0.714676791305465, 0.26057364041524655, 1.0059379853660317, 0.6133300673350935, 0.4818049034886148, 0.0, 1.156275268950242, 1.2349909303725701, 0.759100279654051, 0.4865048235297843, 0.7214207065541468, 0.6030418569851306, 0.24640418921440058, 0.17769989506941117, 1.3072748950633464, 1.1895969018021524, 1.3666054299123827, 1.3920768268328518, 0.8415925108199573, 0.9052036716125434, 0.49666183276613773, 0.36179356792304396, 0.8720570043409885, 0.8703366520989486, 0.6172852541301825, 0.7530680527677498, 0.4086244286253062, 0.3970042320027709, 0.26505613672737033, 0.31091845276107344], [0.8095852382789944, 0.5023653360088367, 1.1088828892971094, 0.22326744463254797, 0.5872395861892349, 1.3865791758492383, 1.156275268950242, 0.0, 0.2603905907580207, 0.6209272689802745, 0.672812970490317, 1.541378401816934, 1.6057563102419476, 1.1267932976355324, 1.333909002883753, 0.1614072882825898, 0.14005453659401457, 0.4012843855972617, 0.33687054289428636, 0.72659865677671, 0.6236495710688809, 0.7290242882052826, 0.8227855383578649, 1.6908314295378197, 1.6126290131414767, 1.6891208487367975, 1.7686017679800456, 1.0717149780366808, 1.1956040798579992, 1.40686148707196, 1.4627146737742942], [0.8289115971644943, 0.5229808544541953, 1.1325834889828077, 0.23707787025169685, 0.623734051126006, 1.3760840216492314, 1.2349909303725701, 0.2603905907580207, 0.0, 0.5604997410980439, 0.782020686242736, 1.4958401891598596, 1.602222897515571, 1.2548479003927124, 1.4102128411411903, 0.33046061788433906, 0.39378702630691187, 0.15610447579013995, 0.15888239763614168, 0.6155525473322254, 0.5000661264387161, 0.8797401562142929, 0.943298696035766, 1.6338289308996652, 1.5432977660183154, 1.7033750674910217, 1.7600936504661437, 1.230445782824713, 1.3478990955263603, 1.4644665343376342, 1.5458746108084174], [0.31583098620291006, 0.18958710811582813, 0.5979488270958708, 0.3998300171290062, 0.22335144944204546, 0.8176700531918757, 0.759100279654051, 0.6209272689802745, 0.5604997410980439, 0.0, 0.45107579065992276, 0.9380857317992606, 1.0444778413365983, 0.8621994963909994, 0.9199887815959658, 0.7779715992105976, 0.7302684296661529, 0.6555358279537263, 0.7151502651322242, 0.15315606685913588, 0.15195556570083946, 0.608890056521023, 0.58614043994376, 1.0806419996962513, 0.9964102008268744, 1.1514433060026434, 1.200770842606639, 0.9073948550512957, 0.996407513167547, 0.9497759287469456, 1.058496017844223], [0.2903325119563392, 0.30675201125199236, 0.5017661731321456, 0.5454391791794906, 0.2293849633229271, 0.8092380519975472, 0.4865048235297843, 0.672812970490317, 0.782020686242736, 0.45107579065992276, 0.0, 1.015517188496547, 1.003577305245387, 0.4731183557015666, 0.6633511381353459, 0.8213547696717534, 0.7034826981704831, 0.9267458901505216, 0.9332802073224721, 0.5937466310322139, 0.5960820768011472, 0.16052143582933462, 0.1619984075191346, 1.1761308344710404, 1.1296589445621568, 1.0604731638110505, 1.166728170984313, 0.4725616716861436, 0.5780973180625285, 0.744741361453432, 0.790180662002835], [0.7570643104215019, 1.041414626063147, 0.5295443838920134, 1.329500602898008, 0.9697483281466642, 0.23964995254986193, 0.7214207065541468, 1.541378401816934, 1.4958401891598596, 0.9380857317992606, 1.015517188496547, 0.0, 0.2670092707640431, 0.9670916055035867, 0.6924794919488934, 1.7023633290083362, 1.6291946907436408, 1.5726900637238554, 1.6464713046670592, 0.8944790721033066, 1.0086162880251643, 1.1154572586592322, 0.9831316849372259, 0.1608705592789358, 0.1567561210153864, 0.40997617677479786, 0.3399136103184985, 1.1294138759976204, 1.1107516806525413, 0.5909342501975123, 0.7492351193636175], [0.7962366242146209, 1.1059995791145847, 0.505415327845539, 1.4094142828281058, 1.01865848453144, 0.22703161331243182, 0.6030418569851306, 1.6057563102419476, 1.602222897515571, 1.0444778413365983, 1.003577305245387, 0.2670092707640431, 0.0, 0.831517599365031, 0.5150426944439429, 1.7665849817566854, 1.6747942217471175, 1.698668414009973, 1.7587208716826153, 1.037356844735173, 1.1439848920695674, 1.0688270135746147, 0.9299498376730889, 0.3426362124834678, 0.4068811009949907, 0.14583044230149012, 0.16402150840834537, 1.0010672019034936, 0.9559137266552663, 0.39608246515303214, 0.5329270954899512], [0.57063942105521, 0.764674180437154, 0.48984091677022634, 1.0179731483195422, 0.6700264498875365, 0.7274544024386653, 0.24640418921440058, 1.1267932976355324, 1.2548479003927124, 0.8621994963909994, 0.4731183557015666, 0.9670916055035867, 0.831517599365031, 0.0, 0.3308446561810317, 1.26332405806126, 1.1308760789898993, 1.3997718100416374, 1.4047859766687927, 0.9743940606427767, 1.0141072316925028, 0.40171358939657037, 0.31155116354826345, 1.1159870304355042, 1.1166678057769621, 0.8221011839040442, 0.9714400093360931, 0.16986376375310827, 0.1582553943508162, 0.4517587345289512, 0.40346825231913647], [0.6047823186066272, 0.8884590033325525, 0.3591572589032392, 1.182479749326622, 0.7871637618716347, 0.4627846356920218, 0.17769989506941117, 1.333909002883753, 1.4102128411411903, 0.9199887815959658, 0.6633511381353459, 0.6924794919488934, 0.5150426944439429, 0.3308446561810317, 0.0, 1.484526781574751, 1.365665242205328, 1.5396633061794227, 1.567747506678625, 0.9891555129072224, 1.061852133657475, 0.6616698310766755, 0.5317300339203673, 0.8267398674329015, 0.8485806712855533, 0.49208116441409255, 0.6451835945336661, 0.49919833510710815, 0.4416649231597245, 0.12227010672042955, 0.13854495387093393], [0.970349087885589, 0.6637714958852772, 1.2685293824234476, 0.37817269862865516, 0.7479312186925676, 1.5478117036935928, 1.3072748950633464, 0.1614072882825898, 0.33046061788433906, 0.7779715992105976, 0.8213547696717534, 1.7023633290083362, 1.7665849817566854, 1.26332405806126, 1.484526781574751, 0.0, 0.14626513803528832, 0.42881816952771146, 0.32913588754806733, 0.8760894257798789, 0.7688134495582913, 0.8620922687567938, 0.9655779796314506, 1.851300049888682, 1.7720511036457556, 1.8486095408318377, 1.9295682973940445, 1.1952787407962566, 1.3209969964286774, 1.5610269988662144, 1.6111132650320397], [0.8817780719659851, 0.5890892411796095, 1.1715952563990928, 0.3463589753347077, 0.66147650582574, 1.4609543477654419, 1.1895969018021524, 0.14005453659401457, 0.39378702630691187, 0.7302684296661529, 0.7034826981704831, 1.6291946907436408, 1.6747942217471175, 1.1308760789898993, 1.365665242205328, 0.14626513803528832, 0.0, 0.5234072457382014, 0.44138358261933897, 0.8474013585869097, 0.7496888727269255, 0.7292034629013852, 0.8398269699219187, 1.7821940831698369, 1.7093539907621718, 1.74907793549537, 1.8386179905387139, 1.0557698246535823, 1.1819961171709843, 1.44782170543444, 1.488915506929887], [0.9464908690158493, 0.651982418067743, 1.2459942534907302, 0.38689860744220406, 0.753296974747319, 1.4716447195982745, 1.3666054299123827, 0.4012843855972617, 0.15610447579013995, 0.6555358279537263, 0.9267458901505216, 1.5726900637238554, 1.698668414009973, 1.3997718100416374, 1.5396633061794227, 0.42881816952771146, 0.5234072457382014, 0.0, 0.11697332163745991, 0.6788615346407102, 0.5640871610333981, 1.0311599475902589, 1.0886603150750545, 1.7030400961315904, 1.6065632156627385, 1.8069634127987189, 1.8529329140106048, 1.3816009461639687, 1.497541508622975, 1.5870933358016652, 1.676685853026572], [0.9877746435356475, 0.6814424919707162, 1.2913366951872784, 0.3885743105498334, 0.7819520478019296, 1.532254292293921, 1.3920768268328518, 0.33687054289428636, 0.15888239763614168, 0.7151502651322242, 0.9332802073224721, 1.6464713046670592, 1.7587208716826153, 1.4047859766687927, 1.567747506678625, 0.32913588754806733, 0.44138358261933897, 0.11697332163745991, 0.0, 0.7584598915989031, 0.6424458079707975, 1.0223786402565096, 1.093501606341006, 1.7816333304150627, 1.6884931588159706, 1.861242710340954, 1.9158227451220928, 1.372477585257685, 1.4921908604105543, 1.6230805331527494, 1.7029950167973689], [0.4061851417525647, 0.3420727314588833, 0.6433752167959769, 0.5037912358514102, 0.37118138047136995, 0.8120112594472336, 0.8415925108199573, 0.72659865677671, 0.6155525473322254, 0.15315606685913588, 0.5937466310322139, 0.8944790721033066, 1.037356844735173, 0.9743940606427767, 0.9891555129072224, 0.8760894257798789, 0.8474013585869097, 0.6788615346407102, 0.7584598915989031, 0.0, 0.11602854298858332, 0.7535537566174824, 0.7174992014437721, 1.0245201353218782, 0.9300542025197273, 1.157093860811615, 1.1853781196141036, 1.0357192878129726, 1.1164111509748393, 1.0013733394588886, 1.1259801414134711], [0.4617344542063376, 0.30753576205725547, 0.7277350703695468, 0.4034403658946968, 0.36669890117488446, 0.9175664235862666, 0.9052036716125434, 0.6236495710688809, 0.5000661264387161, 0.15195556570083946, 0.5960820768011472, 1.0086162880251643, 1.1439848920695674, 1.0141072316925028, 1.061852133657475, 0.7688134495582913, 0.7496888727269255, 0.5640871610333981, 0.6424458079707975, 0.11602854298858332, 0.0, 0.7508712275203062, 0.7362234918239556, 1.1400967532977027, 1.0460516821881727, 1.260002425476448, 1.2944981370829962, 1.0577243471373838, 1.1480990070122594, 1.0841458323931377, 1.200003766970928], [0.4349987793405604, 0.4516900386053421, 0.5872967220385988, 0.644270333344721, 0.38570593647986334, 0.8943722673250344, 0.49666183276613773, 0.7290242882052826, 0.8797401562142929, 0.608890056521023, 0.16052143582933462, 1.1154572586592322, 1.0688270135746147, 0.40171358939657037, 0.6616698310766755, 0.8620922687567938, 0.7292034629013852, 1.0311599475902589, 1.0223786402565096, 0.7535537566174824, 0.7508712275203062, 0.0, 0.13909372310373677, 1.2760973841390921, 1.2405001448790582, 1.1061030889573629, 1.2283169763574415, 0.35070932589250126, 0.47002908414136285, 0.7615420431358442, 0.7730140893740323], [0.34938575669688043, 0.46243551923431586, 0.4536632138838166, 0.7064290403824616, 0.374811886258594, 0.7585804333781532, 0.36179356792304396, 0.8227855383578649, 0.943298696035766, 0.58614043994376, 0.1619984075191346, 0.9831316849372259, 0.9299498376730889, 0.31155116354826345, 0.5317300339203673, 0.9655779796314506, 0.8398269699219187, 1.0886603150750545, 1.093501606341006, 0.7174992014437721, 0.7362234918239556, 0.13909372310373677, 0.0, 1.1433361361187648, 1.1121719119142972, 0.967489328460514, 1.0892504845842472, 0.3215257750015669, 0.4192455575043027, 0.6267551295521523, 0.6499173859802362], [0.9149644810430818, 1.193360801576789, 0.6896729731913845, 1.4761997020448463, 1.1249286481189256, 0.39247340198183295, 0.8720570043409885, 1.6908314295378197, 1.6338289308996652, 1.0806419996962513, 1.1761308344710404, 0.1608705592789358, 0.3426362124834678, 1.1159870304355042, 0.8267398674329015, 1.851300049888682, 1.7821940831698369, 1.7030400961315904, 1.7816333304150627, 1.0245201353218782, 1.1400967532977027, 1.2760973841390921, 1.1433361361187648, 0.0, 0.11578929667821253, 0.46234901929099215, 0.3373926752478817, 1.2806810639104824, 1.2554639684919717, 0.7169737962724783, 0.8669698531220749], [0.8569086041259317, 1.1206034014641069, 0.6622171337325558, 1.3949635916571923, 1.0585570175311916, 0.39106588852552887, 0.8703366520989486, 1.6126290131414767, 1.5432977660183154, 0.9964102008268744, 1.1296589445621568, 0.1567561210153864, 0.4068811009949907, 1.1166678057769621, 0.8485806712855533, 1.7720511036457556, 1.7093539907621718, 1.6065632156627385, 1.6884931588159706, 0.9300542025197273, 1.0460516821881727, 1.2405001448790582, 1.1121719119142972, 0.11578929667821253, 0.0, 0.5413527421321305, 0.43628851202551566, 1.2765630601981328, 1.2627700104770359, 0.7476886553571483, 0.905632215265157], [0.8826841297143947, 1.195541831506258, 0.580255685035867, 1.501330785512865, 1.1032499834261915, 0.34793930680178753, 0.6172852541301825, 1.6891208487367975, 1.7033750674910217, 1.1514433060026434, 1.0604731638110505, 0.40997617677479786, 0.14583044230149012, 0.8221011839040442, 0.49208116441409255, 1.8486095408318377, 1.74907793549537, 1.8069634127987189, 1.861242710340954, 1.157093860811615, 1.260002425476448, 1.1061030889573629, 0.967489328460514, 0.46234901929099215, 0.5413527421321305, 0.0, 0.1659403806004215, 0.9911216129283781, 0.9288443358278107, 0.37037165922857285, 0.47150905883149863], [0.9593331129169385, 1.2680995844730854, 0.6693921823174976, 1.5706072823364285, 1.181735226656883, 0.38453823641696044, 0.7530680527677498, 1.7686017679800456, 1.7600936504661437, 1.200770842606639, 1.166728170984313, 0.3399136103184985, 0.16402150840834537, 0.9714400093360931, 0.6451835945336661, 1.9295682973940445, 1.8386179905387139, 1.8529329140106048, 1.9158227451220928, 1.1853781196141036, 1.2944981370829962, 1.2283169763574415, 1.0892504845842472, 0.3373926752478817, 0.43628851202551566, 0.1659403806004215, 0.0, 1.1412450095754305, 1.085746948388917, 0.5229839876851043, 0.635652559744601], [0.6486370635309651, 0.7791359897513683, 0.6327504507346864, 0.9947789046472818, 0.695415203988701, 0.889994612408553, 0.4086244286253062, 1.0717149780366808, 1.230445782824713, 0.9073948550512957, 0.4725616716861436, 1.1294138759976204, 1.0010672019034936, 0.16986376375310827, 0.49919833510710815, 1.1952787407962566, 1.0557698246535823, 1.3816009461639687, 1.372477585257685, 1.0357192878129726, 1.0577243471373838, 0.35070932589250126, 0.3215257750015669, 1.2806810639104824, 1.2765630601981328, 0.9911216129283781, 1.1412450095754305, 0.0, 0.1267112383379207, 0.6207761830700694, 0.5591787317567218], [0.7174178699420317, 0.8816776778190534, 0.6470698547033517, 1.1113593698209372, 0.7927059856430188, 0.8719153268987553, 0.3970042320027709, 1.1956040798579992, 1.3478990955263603, 0.996407513167547, 0.5780973180625285, 1.1107516806525413, 0.9559137266552663, 0.1582553943508162, 0.4416649231597245, 1.3209969964286774, 1.1819961171709843, 1.497541508622975, 1.4921908604105543, 1.1164111509748393, 1.1480990070122594, 0.4700290841413