{"name": "tree-2-4", "nodes": [{"index": 0, "id": "0", "x": 223.0276897399479, "y": 225.49915746166337}, {"index": 1, "id": "1", "x": 240.42079747506372, "y": 277.67359724478297}, {"index": 2, "id": "2", "x": 201.54036426356873, "y": 172.76267164657253}, {"index": 3, "id": "3", "x": 202.24889489492725, "y": 349.28660642933863}, {"index": 4, "id": "4", "x": 295.353807002007, "y": 231.53571753320904}, {"index": 5, "id": "5", "x": 221.45315603526626, "y": 97.35007824647403}, {"index": 6, "id": "6", "x": 153.9511188238191, "y": 227.30600014861648}, {"index": 7, "id": "7", "x": 223.0783659085552, "y": 403.7377992855538}, {"index": 8, "id": "8", "x": 133.11881734702666, "y": 382.7747705419232}, {"index": 9, "id": "9", "x": 237.37916871340016, "y": 190.95940865698475}, {"index": 10, "id": "10", "x": 384.02125173294513, "y": 225.49651142452828}, {"index": 11, "id": "11", "x": 276.38219223215964, "y": 52.92511976176715}, {"index": 12, "id": "12", "x": 187.10358775042872, "y": 46.40831956468742}, {"index": 13, "id": "13", "x": 204.4146691316679, "y": 275.6811282856006}, {"index": 14, "id": "14", "x": 65.49991111278456, "y": 233.16954689369072}, {"index": 15, "id": "15", "x": 255.49772915845261, "y": 433.76988871882793}, {"index": 16, "id": "16", "x": 214.39261656540975, "y": 440.0}, {"index": 17, "id": "17", "x": 78.14195585959868, "y": 391.1060535487429}, {"index": 18, "id": "18", "x": 104.52266434582155, "y": 415.4200021762979}, {"index": 19, "id": "19", "x": 180.6454924850929, "y": 179.9045407730733}, {"index": 20, "id": "20", "x": 210.33519538873077, "y": 155.67219198736427}, {"index": 21, "id": "21", "x": 440.0, "y": 236.0685488408915}, {"index": 22, "id": "22", "x": 436.1157110945169, "y": 209.45998581050904}, {"index": 23, "id": "23", "x": 291.6049252021821, "y": 16.70799599989482}, {"index": 24, "id": "24", "x": 324.44586754270944, "y": 32.50735139098481}, {"index": 25, "id": "25", "x": 147.0462530718949, "y": 19.63170333739754}, {"index": 26, "id": "26", "x": 185.7426957316022, "y": 10.0}, {"index": 27, "id": "27", "x": 234.15563997649855, "y": 310.80289548257593}, {"index": 28, "id": "28", "x": 257.7749781030806, "y": 295.63828619004505}, {"index": 29, "id": "29", "x": 10.0, "y": 221.92925701023094}, {"index": 30, "id": "30", "x": 11.827716358554653, "y": 247.82852447006755}], "edges": [{"source": "0", "target": "1"}, {"source": "0", "target": "2"}, {"source": "1", "target": "3"}, {"source": "1", "target": "4"}, {"source": "2", "target": "5"}, {"source": "2", "target": "6"}, {"source": "3", "target": "7"}, {"source": "3", "target": "8"}, {"source": "4", "target": "9"}, {"source": "4", "target": "10"}, {"source": "5", "target": "11"}, {"source": "5", "target": "12"}, {"source": "6", "target": "13"}, {"source": "6", "target": "14"}, {"source": "7", "target": "15"}, {"source": "7", "target": "16"}, {"source": "8", "target": "17"}, {"source": "8", "target": "18"}, {"source": "9", "target": "19"}, {"source": "9", "target": "20"}, {"source": "10", "target": "21"}, {"source": "10", "target": "22"}, {"source": "11", "target": "23"}, {"source": "11", "target": "24"}, {"source": "12", "target": "25"}, {"source": "12", "target": "26"}, {"source": "13", "target": "27"}, {"source": "13", "target": "28"}, {"source": "14", "target": "29"}, {"source": "14", "target": "30"}], "weight": [[1.0, 1.0, 1.0, 0.25, 0.25, 0.25, 0.25, 0.1111111119389534, 0.1111111119389534, 0.1111111119389534, 0.1111111119389534, 0.1111111119389534, 0.1111111119389534, 0.1111111119389534, 0.1111111119389534, 0.0625, 0.0625, 0.0625, 0.0625, 0.0625, 0.0625, 0.0625, 0.0625, 0.0625, 0.0625, 0.0625, 0.0625, 0.0625, 0.0625, 0.0625, 0.0625], [1.0, 1.0, 0.25, 1.0, 1.0, 0.1111111119389534, 0.1111111119389534, 0.25, 0.25, 0.25, 0.25, 0.0625, 0.0625, 0.0625, 0.0625, 0.1111111119389534, 0.1111111119389534, 0.1111111119389534, 0.1111111119389534, 0.1111111119389534, 0.1111111119389534, 0.1111111119389534, 0.1111111119389534, 0.03999999910593033, 0.03999999910593033, 0.03999999910593033, 0.03999999910593033, 0.03999999910593033, 0.03999999910593033, 0.03999999910593033, 0.03999999910593033], [1.0, 0.25, 1.0, 0.1111111119389534, 0.1111111119389534, 1.0, 1.0, 0.0625, 0.0625, 0.0625, 0.0625, 0.25, 0.25, 0.25, 0.25, 0.03999999910593033, 0.03999999910593033, 0.03999999910593033, 0.03999999910593033, 0.03999999910593033, 0.03999999910593033, 0.03999999910593033, 0.03999999910593033, 0.1111111119389534, 0.1111111119389534, 0.1111111119389534, 0.1111111119389534, 0.1111111119389534, 0.1111111119389534, 0.1111111119389534, 0.1111111119389534], [0.25, 1.0, 0.1111111119389534, 1.0, 0.25, 0.0625, 0.0625, 1.0, 1.0, 0.1111111119389534, 0.1111111119389534, 0.03999999910593033, 0.03999999910593033, 0.03999999910593033, 0.03999999910593033, 0.25, 0.25, 0.25, 0.25, 0.0625, 0.0625, 0.0625, 0.0625, 0.02777777798473835, 0.02777777798473835, 0.02777777798473835, 0.02777777798473835, 0.02777777798473835, 0.02777777798473835, 0.02777777798473835, 0.02777777798473835], [0.25, 1.0, 0.1111111119389534, 0.25, 1.0, 0.0625, 0.0625, 0.1111111119389534, 0.1111111119389534, 1.0, 1.0, 0.03999999910593033, 0.03999999910593033, 0.03999999910593033, 0.03999999910593033, 0.0625, 0.0625, 0.0625, 0.0625, 0.25, 0.25, 0.25, 0.25, 0.02777777798473835, 0.02777777798473835, 0.02777777798473835, 0.02777777798473835, 0.02777777798473835, 0.02777777798473835, 0.02777777798473835, 0.02777777798473835], [0.25, 0.1111111119389534, 1.0, 0.0625, 0.0625, 1.0, 0.25, 0.03999999910593033, 0.03999999910593033, 0.03999999910593033, 0.03999999910593033, 1.0, 1.0, 0.1111111119389534, 0.1111111119389534, 0.02777777798473835, 0.02777777798473835, 0.02777777798473835, 0.02777777798473835, 0.02777777798473835, 0.02777777798473835, 0.02777777798473835, 0.02777777798473835, 0.25, 0.25, 0.25, 0.25, 0.0625, 0.0625, 0.0625, 0.0625], [0.25, 0.1111111119389534, 1.0, 0.0625, 0.0625, 0.25, 1.0, 0.03999999910593033, 0.03999999910593033, 0.03999999910593033, 0.03999999910593033, 0.1111111119389534, 0.1111111119389534, 1.0, 1.0, 0.02777777798473835, 0.02777777798473835, 0.02777777798473835, 0.02777777798473835, 0.02777777798473835, 0.02777777798473835, 0.02777777798473835, 0.02777777798473835, 0.0625, 0.0625, 0.0625, 0.0625, 0.25, 0.25, 0.25, 0.25], [0.1111111119389534, 0.25, 0.0625, 1.0, 0.1111111119389534, 0.03999999910593033, 0.03999999910593033, 1.0, 0.25, 0.0625, 0.0625, 0.02777777798473835, 0.02777777798473835, 0.02777777798473835, 0.02777777798473835, 1.0, 1.0, 0.1111111119389534, 0.1111111119389534, 0.03999999910593033, 0.03999999910593033, 0.03999999910593033, 0.03999999910593033, 0.020408162847161293, 0.020408162847161293, 0.020408162847161293, 0.020408162847161293, 0.020408162847161293, 0.020408162847161293, 0.020408162847161293, 0.020408162847161293], [0.1111111119389534, 0.25, 0.0625, 1.0, 0.1111111119389534, 0.03999999910593033, 0.03999999910593033, 0.25, 1.0, 0.0625, 0.0625, 0.02777777798473835, 0.02777777798473835, 0.02777777798473835, 0.02777777798473835, 0.1111111119389534, 0.1111111119389534, 1.0, 1.0, 0.03999999910593033, 0.03999999910593033, 0.03999999910593033, 0.03999999910593033, 0.020408162847161293, 0.020408162847161293, 0.020408162847161293, 0.020408162847161293, 0.020408162847161293, 0.020408162847161293, 0.020408162847161293, 0.020408162847161293], [0.1111111119389534, 0.25, 0.0625, 0.1111111119389534, 1.0, 0.03999999910593033, 0.03999999910593033, 0.0625, 0.0625, 1.0, 0.25, 0.02777777798473835, 0.02777777798473835, 0.02777777798473835, 0.02777777798473835, 0.03999999910593033, 0.03999999910593033, 0.03999999910593033, 0.03999999910593033, 1.0, 1.0, 0.1111111119389534, 0.1111111119389534, 0.020408162847161293, 0.020408162847161293, 0.020408162847161293, 0.020408162847161293, 0.020408162847161293, 0.020408162847161293, 0.020408162847161293, 0.020408162847161293], [0.1111111119389534, 0.25, 0.0625, 0.1111111119389534, 1.0, 0.03999999910593033, 0.03999999910593033, 0.0625, 0.0625, 0.25, 1.0, 0.02777777798473835, 0.02777777798473835, 0.02777777798473835, 0.02777777798473835, 0.03999999910593033, 0.03999999910593033, 0.03999999910593033, 0.03999999910593033, 0.1111111119389534, 0.1111111119389534, 1.0, 1.0, 0.020408162847161293, 0.020408162847161293, 0.020408162847161293, 0.020408162847161293, 0.020408162847161293, 0.020408162847161293, 0.020408162847161293, 0.020408162847161293], [0.1111111119389534, 0.0625, 0.25, 0.03999999910593033, 0.03999999910593033, 1.0, 0.1111111119389534, 0.02777777798473835, 0.02777777798473835, 0.02777777798473835, 0.02777777798473835, 1.0, 0.25, 0.0625, 0.0625, 0.020408162847161293, 0.020408162847161293, 0.020408162847161293, 0.020408162847161293, 0.020408162847161293, 0.020408162847161293, 0.020408162847161293, 0.020408162847161293, 1.0, 1.0, 0.1111111119389534, 0.1111111119389534, 0.03999999910593033, 0.03999999910593033, 0.03999999910593033, 0.03999999910593033], [0.1111111119389534, 0.0625, 0.25, 0.03999999910593033, 0.03999999910593033, 1.0, 0.1111111119389534, 0.02777777798473835, 0.02777777798473835, 0.02777777798473835, 0.02777777798473835, 0.25, 1.0, 0.0625, 0.0625, 0.020408162847161293, 0.020408162847161293, 0.020408162847161293, 0.020408162847161293, 0.020408162847161293, 0.020408162847161293, 0.020408162847161293, 0.020408162847161293, 0.1111111119389534, 0.1111111119389534, 1.0, 1.0, 0.03999999910593033, 0.03999999910593033, 0.03999999910593033, 0.03999999910593033], [0.1111111119389534, 0.0625, 0.25, 0.03999999910593033, 0.03999999910593033, 0.1111111119389534, 1.0, 0.02777777798473835, 0.02777777798473835, 0.02777777798473835, 0.02777777798473835, 0.0625, 0.0625, 1.0, 0.25, 0.020408162847161293, 0.020408162847161293, 0.020408162847161293, 0.020408162847161293, 0.020408162847161293, 0.020408162847161293, 0.020408162847161293, 0.020408162847161293, 0.03999999910593033, 0.03999999910593033, 0.03999999910593033, 0.03999999910593033, 1.0, 1.0, 0.1111111119389534, 0.1111111119389534], [0.1111111119389534, 0.0625, 0.25, 0.03999999910593033, 0.03999999910593033, 0.1111111119389534, 1.0, 0.02777777798473835, 0.02777777798473835, 0.02777777798473835, 0.02777777798473835, 0.0625, 0.0625, 0.25, 1.0, 0.020408162847161293, 0.020408162847161293, 0.020408162847161293, 0.020408162847161293, 0.020408162847161293, 0.020408162847161293, 0.020408162847161293, 0.020408162847161293, 0.03999999910593033, 0.03999999910593033, 0.03999999910593033, 0.03999999910593033, 0.1111111119389534, 0.1111111119389534, 1.0, 1.0], [0.0625, 0.1111111119389534, 0.03999999910593033, 0.25, 0.0625, 0.02777777798473835, 0.02777777798473835, 1.0, 0.1111111119389534, 0.03999999910593033, 0.03999999910593033, 0.020408162847161293, 0.020408162847161293, 0.020408162847161293, 0.020408162847161293, 1.0, 0.25, 0.0625, 0.0625, 0.02777777798473835, 0.02777777798473835, 0.02777777798473835, 0.02777777798473835, 0.015625, 0.015625, 0.015625, 0.015625, 0.015625, 0.015625, 0.015625, 0.015625], [0.0625, 0.1111111119389534, 0.03999999910593033, 0.25, 0.0625, 0.02777777798473835, 0.02777777798473835, 1.0, 0.1111111119389534, 0.03999999910593033, 0.03999999910593033, 0.020408162847161293, 0.020408162847161293, 0.020408162847161293, 0.020408162847161293, 0.25, 1.0, 0.0625, 0.0625, 0.02777777798473835, 0.02777777798473835, 0.02777777798473835, 0.02777777798473835, 0.015625, 0.015625, 0.015625, 0.015625, 0.015625, 0.015625, 0.015625, 0.015625], [0.0625, 0.1111111119389534, 0.03999999910593033, 0.25, 0.0625, 0.02777777798473835, 0.02777777798473835, 0.1111111119389534, 1.0, 0.03999999910593033, 0.03999999910593033, 0.020408162847161293, 0.020408162847161293, 0.020408162847161293, 0.020408162847161293, 0.0625, 0.0625, 1.0, 0.25, 0.02777777798473835, 0.02777777798473835, 0.02777777798473835, 0.02777777798473835, 0.015625, 0.015625, 0.015625, 0.015625, 0.015625, 0.015625, 0.015625, 0.015625], [0.0625, 0.1111111119389534, 0.03999999910593033, 0.25, 0.0625, 0.02777777798473835, 0.02777777798473835, 0.1111111119389534, 1.0, 0.03999999910593033, 0.03999999910593033, 0.020408162847161293, 0.020408162847161293, 0.020408162847161293, 0.020408162847161293, 0.0625, 0.0625, 0.25, 1.0, 0.02777777798473835, 0.02777777798473835, 0.02777777798473835, 0.02777777798473835, 0.015625, 0.015625, 0.015625, 0.015625, 0.015625, 0.015625, 0.015625, 0.015625], [0.0625, 0.1111111119389534, 0.03999999910593033, 0.0625, 0.25, 0.02777777798473835, 0.02777777798473835, 0.03999999910593033, 0.03999999910593033, 1.0, 0.1111111119389534, 0.020408162847161293, 0.020408162847161293, 0.020408162847161293, 0.020408162847161293, 0.02777777798473835, 0.02777777798473835, 0.02777777798473835, 0.02777777798473835, 1.0, 0.25, 0.0625, 0.0625, 0.015625, 0.015625, 0.015625, 0.015625, 0.015625, 0.015625, 0.015625, 0.015625], [0.0625, 0.1111111119389534, 0.03999999910593033, 0.0625, 0.25, 0.02777777798473835, 0.02777777798473835, 0.03999999910593033, 0.03999999910593033, 1.0, 0.1111111119389534, 0.020408162847161293, 0.020408162847161293, 0.020408162847161293, 0.020408162847161293, 0.02777777798473835, 0.02777777798473835, 0.02777777798473835, 0.02777777798473835, 0.25, 1.0, 0.0625, 0.0625, 0.015625, 0.015625, 0.015625, 0.015625, 0.015625, 0.015625, 0.015625, 0.015625], [0.0625, 0.1111111119389534, 0.03999999910593033, 0.0625, 0.25, 0.02777777798473835, 0.02777777798473835, 0.03999999910593033, 0.03999999910593033, 0.1111111119389534, 1.0, 0.020408162847161293, 0.020408162847161293, 0.020408162847161293, 0.020408162847161293, 0.02777777798473835, 0.02777777798473835, 0.02777777798473835, 0.02777777798473835, 0.0625, 0.0625, 1.0, 0.25, 0.015625, 0.015625, 0.015625, 0.015625, 0.015625, 0.015625, 0.015625, 0.015625], [0.0625, 0.1111111119389534, 0.03999999910593033, 0.0625, 0.25, 0.02777777798473835, 0.02777777798473835, 0.03999999910593033, 0.03999999910593033, 0.1111111119389534, 1.0, 0.020408162847161293, 0.020408162847161293, 0.020408162847161293, 0.020408162847161293, 0.02777777798473835, 0.02777777798473835, 0.02777777798473835, 0.02777777798473835, 0.0625, 0.0625, 0.25, 1.0, 0.015625, 0.015625, 0.015625, 0.015625, 0.015625, 0.015625, 0.015625, 0.015625], [0.0625, 0.03999999910593033, 0.1111111119389534, 0.02777777798473835, 0.02777777798473835, 0.25, 0.0625, 0.020408162847161293, 0.020408162847161293, 0.020408162847161293, 0.020408162847161293, 1.0, 0.1111111119389534, 0.03999999910593033, 0.03999999910593033, 0.015625, 0.015625, 0.015625, 0.015625, 0.015625, 0.015625, 0.015625, 0.015625, 1.0, 0.25, 0.0625, 0.0625, 0.02777777798473835, 0.02777777798473835, 0.02777777798473835, 0.02777777798473835], [0.0625, 0.03999999910593033, 0.1111111119389534, 0.02777777798473835, 0.02777777798473835, 0.25, 0.0625, 0.020408162847161293, 0.020408162847161293, 0.020408162847161293, 0.020408162847161293, 1.0, 0.1111111119389534, 0.03999999910593033, 0.03999999910593033, 0.015625, 0.015625, 0.015625, 0.015625, 0.015625, 0.015625, 0.015625, 0.015625, 0.25, 1.0, 0.0625, 0.0625, 0.02777777798473835, 0.02777777798473835, 0.02777777798473835, 0.02777777798473835], [0.0625, 0.03999999910593033, 0.1111111119389534, 0.02777777798473835, 0.02777777798473835, 0.25, 0.0625, 0.020408162847161293, 0.020408162847161293, 0.020408162847161293, 0.020408162847161293, 0.1111111119389534, 1.0, 0.03999999910593033, 0.03999999910593033, 0.015625, 0.015625, 0.015625, 0.015625, 0.015625, 0.015625, 0.015625, 0.015625, 0.0625, 0.0625, 1.0, 0.25, 0.02777777798473835, 0.02777777798473835, 0.02777777798473835, 0.02777777798473835], [0.0625, 0.03999999910593033, 0.1111111119389534, 0.02777777798473835, 0.02777777798473835, 0.25, 0.0625, 0.020408162847161293, 0.020408162847161293, 0.020408162847161293, 0.020408162847161293, 0.1111111119389534, 1.0, 0.03999999910593033, 0.03999999910593033, 0.015625, 0.015625, 0.015625, 0.015625, 0.015625, 0.015625, 0.015625, 0.015625, 0.0625, 0.0625, 0.25, 1.0, 0.02777777798473835, 0.02777777798473835, 0.02777777798473835, 0.02777777798473835], [0.0625, 0.03999999910593033, 0.1111111119389534, 0.02777777798473835, 0.02777777798473835, 0.0625, 0.25, 0.020408162847161293, 0.020408162847161293, 0.020408162847161293, 0.020408162847161293, 0.03999999910593033, 0.03999999910593033, 1.0, 0.1111111119389534, 0.015625, 0.015625, 0.015625, 0.015625, 0.015625, 0.015625, 0.015625, 0.015625, 0.02777777798473835, 0.02777777798473835, 0.02777777798473835, 0.02777777798473835, 1.0, 0.25, 0.0625, 0.0625], [0.0625, 0.03999999910593033, 0.1111111119389534, 0.02777777798473835, 0.02777777798473835, 0.0625, 0.25, 0.020408162847161293, 0.020408162847161293, 0.020408162847161293, 0.020408162847161293, 0.03999999910593033, 0.03999999910593033, 1.0, 0.1111111119389534, 0.015625, 0.015625, 0.015625, 0.015625, 0.015625, 0.015625, 0.015625, 0.015625, 0.02777777798473835, 0.02777777798473835, 0.02777777798473835, 0.02777777798473835, 0.25, 1.0, 0.0625, 0.0625], [0.0625, 0.03999999910593033, 0.1111111119389534, 0.02777777798473835, 0.02777777798473835, 0.0625, 0.25, 0.020408162847161293, 0.020408162847161293, 0.020408162847161293, 0.020408162847161293, 0.03999999910593033, 0.03999999910593033, 0.1111111119389534, 1.0, 0.015625, 0.015625, 0.015625, 0.015625, 0.015625, 0.015625, 0.015625, 0.015625, 0.02777777798473835, 0.02777777798473835, 0.02777777798473835, 0.02777777798473835, 0.0625, 0.0625, 1.0, 0.25], [0.0625, 0.03999999910593033, 0.1111111119389534, 0.02777777798473835, 0.02777777798473835, 0.0625, 0.25, 0.020408162847161293, 0.020408162847161293, 0.020408162847161293, 0.020408162847161293, 0.03999999910593033, 0.03999999910593033, 0.1111111119389534, 1.0, 0.015625, 0.015625, 0.015625, 0.015625, 0.015625, 0.015625, 0.015625, 0.015625, 0.02777777798473835, 0.02777777798473835, 0.02777777798473835, 0.02777777798473835, 0.0625, 0.0625, 0.25, 1.0]], "shortestPath": [[0.0, 1.0, 1.0, 2.0, 2.0, 2.0, 2.0, 3.0, 3.0, 3.0, 3.0, 3.0, 3.0, 3.0, 3.0, 4.0, 4.0, 4.0, 4.0, 4.0, 4.0, 4.0, 4.0, 4.0, 4.0, 4.0, 4.0, 4.0, 4.0, 4.0, 4.0], [1.0, 0.0, 2.0, 1.0, 1.0, 3.0, 3.0, 2.0, 2.0, 2.0, 2.0, 4.0, 4.0, 4.0, 4.0, 3.0, 3.0, 3.0, 3.0, 3.0, 3.0, 3.0, 3.0, 5.0, 5.0, 5.0, 5.0, 5.0, 5.0, 5.0, 5.0], [1.0, 2.0, 0.0, 3.0, 3.0, 1.0, 1.0, 4.0, 4.0, 4.0, 4.0, 2.0, 2.0, 2.0, 2.0, 5.0, 5.0, 5.0, 5.0, 5.0, 5.0, 5.0, 5.0, 3.0, 3.0, 3.0, 3.0, 3.0, 3.0, 3.0, 3.0], [2.0, 1.0, 3.0, 0.0, 2.0, 4.0, 4.0, 1.0, 1.0, 3.0, 3.0, 5.0, 5.0, 5.0, 5.0, 2.0, 2.0, 2.0, 2.0, 4.0, 4.0, 4.0, 4.0, 6.0, 6.0, 6.0, 6.0, 6.0, 6.0, 6.0, 6.0], [2.0, 1.0, 3.0, 2.0, 0.0, 4.0, 4.0, 3.0, 3.0, 1.0, 1.0, 5.0, 5.0, 5.0, 5.0, 4.0, 4.0, 4.0, 4.0, 2.0, 2.0, 2.0, 2.0, 6.0, 6.0, 6.0, 6.0, 6.0, 6.0, 6.0, 6.0], [2.0, 3.0, 1.0, 4.0, 4.0, 0.0, 2.0, 5.0, 5.0, 5.0, 5.0, 1.0, 1.0, 3.0, 3.0, 6.0, 6.0, 6.0, 6.0, 6.0, 6.0, 6.0, 6.0, 2.0, 2.0, 2.0, 2.0, 4.0, 4.0, 4.0, 4.0], [2.0, 3.0, 1.0, 4.0, 4.0, 2.0, 0.0, 5.0, 5.0, 5.0, 5.0, 3.0, 3.0, 1.0, 1.0, 6.0, 6.0, 6.0, 6.0, 6.0, 6.0, 6.0, 6.0, 4.0, 4.0, 4.0, 4.0, 2.0, 2.0, 2.0, 2.0], [3.0, 2.0, 4.0, 1.0, 3.0, 5.0, 5.0, 0.0, 2.0, 4.0, 4.0, 6.0, 6.0, 6.0, 6.0, 1.0, 1.0, 3.0, 3.0, 5.0, 5.0, 5.0, 5.0, 7.0, 7.0, 7.0, 7.0, 7.0, 7.0, 7.0, 7.0], [3.0, 2.0, 4.0, 1.0, 3.0, 5.0, 5.0, 2.0, 0.0, 4.0, 4.0, 6.0, 6.0, 6.0, 6.0, 3.0, 3.0, 1.0, 1.0, 5.0, 5.0, 5.0, 5.0, 7.0, 7.0, 7.0, 7.0, 7.0, 7.0, 7.0, 7.0], [3.0, 2.0, 4.0, 3.0, 1.0, 5.0, 5.0, 4.0, 4.0, 0.0, 2.0, 6.0, 6.0, 6.0, 6.0, 5.0, 5.0, 5.0, 5.0, 1.0, 1.0, 3.0, 3.0, 7.0, 7.0, 7.0, 7.0, 7.0, 7.0, 7.0, 7.0], [3.0, 2.0, 4.0, 3.0, 1.0, 5.0, 5.0, 4.0, 4.0, 2.0, 0.0, 6.0, 6.0, 6.0, 6.0, 5.0, 5.0, 5.0, 5.0, 3.0, 3.0, 1.0, 1.0, 7.0, 7.0, 7.0, 7.0, 7.0, 7.0, 7.0, 7.0], [3.0, 4.0, 2.0, 5.0, 5.0, 1.0, 3.0, 6.0, 6.0, 6.0, 6.0, 0.0, 2.0, 4.0, 4.0, 7.0, 7.0, 7.0, 7.0, 7.0, 7.0, 7.0, 7.0, 1.0, 1.0, 3.0, 3.0, 5.0, 5.0, 5.0, 5.0], [3.0, 4.0, 2.0, 5.0, 5.0, 1.0, 3.0, 6.0, 6.0, 6.0, 6.0, 2.0, 0.0, 4.0, 4.0, 7.0, 7.0, 7.0, 7.0, 7.0, 7.0, 7.0, 7.0, 3.0, 3.0, 1.0, 1.0, 5.0, 5.0, 5.0, 5.0], [3.0, 4.0, 2.0, 5.0, 5.0, 3.0, 1.0, 6.0, 6.0, 6.0, 6.0, 4.0, 4.0, 0.0, 2.0, 7.0, 7.0, 7.0, 7.0, 7.0, 7.0, 7.0, 7.0, 5.0, 5.0, 5.0, 5.0, 1.0, 1.0, 3.0, 3.0], [3.0, 4.0, 2.0, 5.0, 5.0, 3.0, 1.0, 6.0, 6.0, 6.0, 6.0, 4.0, 4.0, 2.0, 0.0, 7.0, 7.0, 7.0, 7.0, 7.0, 7.0, 7.0, 7.0, 5.0, 5.0, 5.0, 5.0, 3.0, 3.0, 1.0, 1.0], [4.0, 3.0, 5.0, 2.0, 4.0, 6.0, 6.0, 1.0, 3.0, 5.0, 5.0, 7.0, 7.0, 7.0, 7.0, 0.0, 2.0, 4.0, 4.0, 6.0, 6.0, 6.0, 6.0, 8.0, 8.0, 8.0, 8.0, 8.0, 8.0, 8.0, 8.0], [4.0, 3.0, 5.0, 2.0, 4.0, 6.0, 6.0, 1.0, 3.0, 5.0, 5.0, 7.0, 7.0, 7.0, 7.0, 2.0, 0.0, 4.0, 4.0, 6.0, 6.0, 6.0, 6.0, 8.0, 8.0, 8.0, 8.0, 8.0, 8.0, 8.0, 8.0], [4.0, 3.0, 5.0, 2.0, 4.0, 6.0, 6.0, 3.0, 1.0, 5.0, 5.0, 7.0, 7.0, 7.0, 7.0, 4.0, 4.0, 0.0, 2.0, 6.0, 6.0, 6.0, 6.0, 8.0, 8.0, 8.0, 8.0, 8.0, 8.0, 8.0, 8.0], [4.0, 3.0, 5.0, 2.0, 4.0, 6.0, 6.0, 3.0, 1.0, 5.0, 5.0, 7.0, 7.0, 7.0, 7.0, 4.0, 4.0, 2.0, 0.0, 6.0, 6.0, 6.0, 6.0, 8.0, 8.0, 8.0, 8.0, 8.0, 8.0, 8.0, 8.0], [4.0, 3.0, 5.0, 4.0, 2.0, 6.0, 6.0, 5.0, 5.0, 1.0, 3.0, 7.0, 7.0, 7.0, 7.0, 6.0, 6.0, 6.0, 6.0, 0.0, 2.0, 4.0, 4.0, 8.0, 8.0, 8.0, 8.0, 8.0, 8.0, 8.0, 8.0], [4.0, 3.0, 5.0, 4.0, 2.0, 6.0, 6.0, 5.0, 5.0, 1.0, 3.0, 7.0, 7.0, 7.0, 7.0, 6.0, 6.0, 6.0, 6.0, 2.0, 0.0, 4.0, 4.0, 8.0, 8.0, 8.0, 8.0, 8.0, 8.0, 8.0, 8.0], [4.0, 3.0, 5.0, 4.0, 2.0, 6.0, 6.0, 5.0, 5.0, 3.0, 1.0, 7.0, 7.0, 7.0, 7.0, 6.0, 6.0, 6.0, 6.0, 4.0, 4.0, 0.0, 2.0, 8.0, 8.0, 8.0, 8.0, 8.0, 8.0, 8.0, 8.0], [4.0, 3.0, 5.0, 4.0, 2.0, 6.0, 6.0, 5.0, 5.0, 3.0, 1.0, 7.0, 7.0, 7.0, 7.0, 6.0, 6.0, 6.0, 6.0, 4.0, 4.0, 2.0, 0.0, 8.0, 8.0, 8.0, 8.0, 8.0, 8.0, 8.0, 8.0], [4.0, 5.0, 3.0, 6.0, 6.0, 2.0, 4.0, 7.0, 7.0, 7.0, 7.0, 1.0, 3.0, 5.0, 5.0, 8.0, 8.0, 8.0, 8.0, 8.0, 8.0, 8.0, 8.0, 0.0, 2.0, 4.0, 4.0, 6.0, 6.0, 6.0, 6.0], [4.0, 5.0, 3.0, 6.0, 6.0, 2.0, 4.0, 7.0, 7.0, 7.0, 7.0, 1.0, 3.0, 5.0, 5.0, 8.0, 8.0, 8.0, 8.0, 8.0, 8.0, 8.0, 8.0, 2.0, 0.0, 4.0, 4.0, 6.0, 6.0, 6.0, 6.0], [4.0, 5.0, 3.0, 6.0, 6.0, 2.0, 4.0, 7.0, 7.0, 7.0, 7.0, 3.0, 1.0, 5.0, 5.0, 8.0, 8.0, 8.0, 8.0, 8.0, 8.0, 8.0, 8.0, 4.0, 4.0, 0.0, 2.0, 6.0, 6.0, 6.0, 6.0], [4.0, 5.0, 3.0, 6.0, 6.0, 2.0, 4.0, 7.0, 7.0, 7.0, 7.0, 3.0, 1.0, 5.0, 5.0, 8.0, 8.0, 8.0, 8.0, 8.0, 8.0, 8.0, 8.0, 4.0, 4.0, 2.0, 0.0, 6.0, 6.0, 6.0, 6.0], [4.0, 5.0, 3.0, 6.0, 6.0, 4.0, 2.0, 7.0, 7.0, 7.0, 7.0, 5.0, 5.0, 1.0, 3.0, 8.0, 8.0, 8.0, 8.0, 8.0, 8.0, 8.0, 8.0, 6.0, 6.0, 6.0, 6.0, 0.0, 2.0, 4.0, 4.0], [4.0, 5.0, 3.0, 6.0, 6.0, 4.0, 2.0, 7.0, 7.0, 7.0, 7.0, 5.0, 5.0, 1.0, 3.0, 8.0, 8.0, 8.0, 8.0, 8.0, 8.0, 8.0, 8.0, 6.0, 6.0, 6.0, 6.0, 2.0, 0.0, 4.0, 4.0], [4.0, 5.0, 3.0, 6.0, 6.0, 4.0, 2.0, 7.0, 7.0, 7.0, 7.0, 5.0, 5.0, 3.0, 1.0, 8.0, 8.0, 8.0, 8.0, 8.0, 8.0, 8.0, 8.0, 6.0, 6.0, 6.0, 6.0, 4.0, 4.0, 0.0, 2.0], [4.0, 5.0, 3.0, 6.0, 6.0, 4.0, 2.0, 7.0, 7.0, 7.0, 7.0, 5.0, 5.0, 3.0, 1.0, 8.0, 8.0, 8.0, 8.0, 8.0, 8.0, 8.0, 8.0, 6.0, 6.0, 6.0, 6.0, 4.0, 4.0, 2.0, 0.0]], "euclideanDistance": [[0.0, 0.24678974512462667, 0.2520760195743908, 0.5760770028949845, 0.21435297070709505, 0.593033924425517, 0.20314855508090254, 0.8248076907974502, 0.7742673421806191, 0.16530389997635692, 0.47306772162315475, 0.8138381489326274, 0.8354469610809697, 0.23857322603293038, 0.46424270368173265, 0.9684937202909891, 0.9929369631379383, 0.8766693524899879, 0.9453381762947444, 0.24500357898857253, 0.3252728206190086, 0.6394304820429658, 0.6305271851689336, 0.986980640949115, 0.9414878220635894, 0.9784739132512125, 1.003232676174831, 0.3960990227822071, 0.34025276357260564, 0.6261841227472962, 0.6291390793801023], [0.24678974512462667, 0.0, 0.4987419141479062, 0.3498600985039755, 0.2676561057825954, 0.8363148016908291, 0.3447964977993418, 0.5855895326333321, 0.5796206343958219, 0.40137349756958907, 0.486157098058969, 1.04538849652951, 1.0815977487689776, 0.10620235274554705, 0.5537157108590445, 0.7237002074440706, 0.7550565691608843, 0.7091652298596796, 0.7521809414198596, 0.4853297821448793, 0.5714468288414895, 0.6172436409266282, 0.6559783927846117, 1.216960136851919, 1.161073694625243, 1.2252176705081352, 1.2490487235318426, 0.1544087774000739, 0.0975263495827039, 0.7245502464225138, 0.685755345787487], [0.2520760195743908, 0.4987419141479062, 0.0, 0.8168754432246856, 0.3872479771713282, 0.3538466556944804, 0.28855016656430077, 1.0707202758033278, 0.992419465531569, 0.13483628350348525, 0.5891242528653421, 0.5965681812888924, 0.5862475324340886, 0.47633487031717825, 0.4877869656608601, 1.218185028720416, 1.2372297875394316, 1.073486473097301, 1.1585305468970226, 0.06972788534140882, 0.08320223411257412, 0.7594703583820042, 0.7098933233977218, 0.7691161865074069, 0.7427508696155017, 0.7264874310843155, 0.7546210174786837, 0.6459368824572719, 0.5921360039052805, 0.6070750965727547, 0.6568290090062006], [0.5760770028949845, 0.3498600985039755, 0.8168754432246856, 0.0, 0.6097217740021464, 1.1672129974362198, 0.5820383301438693, 0.25930249755689144, 0.2554963256369828, 0.7399028417492293, 0.7832240820214185, 1.388619219801338, 1.402289844534865, 0.3406722500277797, 0.6709664609566582, 0.4210989707886105, 0.4212943894873172, 0.4128454880896942, 0.4196656880514208, 0.7863898020709994, 0.8962748038986477, 0.8732444102293505, 0.9438874946981043, 1.5612601118523957, 1.5092460474728604, 1.534093294728697, 1.5708136735612428, 0.20125716595392684, 0.29707582433167135, 0.816368991216185, 0.730421529265107], [0.21435297070709505, 0.2676561057825954, 0.3872479771713282, 0.6097217740021464, 0.0, 0.6578253201423819, 0.41596214880241056, 0.8246881271944235, 0.8467997914792451, 0.2535304060759944, 0.2620372976003067, 0.8284067544882618, 0.9138318645809422, 0.33635960108413554, 0.6754510556704302, 0.9431476123195337, 0.993579294521733, 0.9760328232035492, 1.0190781276385472, 0.41315400569448385, 0.43087705902485623, 0.42554946089560297, 0.42604717881178605, 0.9941863910781674, 0.9249717823961048, 1.0730711528817642, 1.0745722140966931, 0.4085204676851548, 0.31652337490209426, 0.8396687325396459, 0.8365251539555215], [0.593033924425517, 0.8363148016908291, 0.3538466556944804, 1.1672129974362198, 0.6578253201423819, 0.0, 0.6332432991626058, 1.4178315962923902, 1.3460790306997115, 0.43570204171299404, 0.7614756863988312, 0.26136966660061534, 0.25643473927453486, 0.8267526472818907, 0.7778339283140548, 1.5600092723394499, 1.5857643124044078, 1.4231017969344013, 1.5114550065610897, 0.4004014425947978, 0.271858396378171, 0.9080029292694959, 0.8167116932717848, 0.4263233106185419, 0.4261766167051956, 0.4208894552573344, 0.41761452232558566, 0.9884678939560168, 0.9237742092709004, 0.8475909581271203, 0.9296857257358891], [0.20314855508090254, 0.3447964977993418, 0.28855016656430077, 0.5820383301438693, 0.41596214880241056, 0.6332432991626058, 0.0, 0.8413350501989201, 0.7220385673305825, 0.2972993182177177, 0.676095991336047, 0.8835162404155895, 0.8427616735615435, 0.2685152819418911, 0.2613198800227357, 1.000931996018528, 1.0001468535511016, 0.7900470773472296, 0.8825398243931976, 0.23295548205854585, 0.37058715991339336, 0.841511082617283, 0.8332225095862108, 1.0551589729977704, 1.0313006836813488, 0.961236706781292, 1.0099235049774609, 0.45258891793310474, 0.4393886190800052, 0.42372090559099007, 0.4282812779162019], [0.8248076907974502, 0.5855895326333321, 1.0707202758033278, 0.25930249755689144, 0.8246881271944235, 1.4178315962923902, 0.8413350501989201, 0.0, 0.28157736050387094, 0.9855382670455598, 0.9507786849244123, 1.6309406013522072, 1.6569343934222216, 0.5951205519759939, 0.9151030699411897, 0.16848992618697492, 0.1697348652171064, 0.42987774042582905, 0.3525367780514631, 1.0432765399708273, 1.1485457868297104, 1.0041443728076802, 1.095501512998915, 1.8022823963812424, 1.7435178594902585, 1.7914547525450077, 1.8253400063385636, 0.4312906558386971, 0.5105194684532586, 1.0487383639757644, 0.9517633412836164], [0.7742673421806191, 0.5796206343958219, 0.992419465531569, 0.2554963256369828, 0.8467997914792451, 1.3460790306997115, 0.7220385673305825, 0.28157736050387094, 0.0, 0.9390167425915253, 1.0359830587971104, 1.5833810902402738, 1.564613766296968, 0.5380424059790472, 0.7202537438823426, 0.43011722316231693, 0.35659391318448747, 0.1660822075403474, 0.1728640911671262, 0.9491220308688617, 1.0751420816258919, 1.1287340378728183, 1.1983048390177709, 1.7568387392917526, 1.715610035891651, 1.6809598327704296, 1.7319494278293486, 0.4461700187649108, 0.5447600188618646, 0.8275832690283204, 0.7190183487108815], [0.16530389997635692, 0.40137349756958907, 0.13483628350348525, 0.7399028417492293, 0.2535304060759944, 0.43570204171299404, 0.2972993182177177, 0.9855382670455598, 0.9390167425915253, 0.0, 0.45958163603158575, 0.6489602516510988, 0.6850360257958517, 0.4038424393858792, 0.54151053263569, 1.1248775111504095, 1.1544246905900546, 1.0376709415251482, 1.1096419714131234, 0.17438032291363265, 0.18160298959098384, 0.6309193944485082, 0.5902148466845607, 0.8219487019498495, 0.7765956998369675, 0.8360808819530019, 0.8510332848147506, 0.5546622424979297, 0.48809975563708974, 0.6833344643984145, 0.7131022073481609], [0.47306772162315475, 0.486157098058969, 0.5891242528653421, 0.7832240820214185, 0.2620372976003067, 0.7614756863988312, 0.676095991336047, 0.9507786849244123, 1.0359830587971104, 0.45958163603158575, 0.0, 0.85893687909635, 1.0107515843932715, 0.5765959733430439, 0.9366247751420204, 1.0351450142885188, 1.110742086640581, 1.181171012809012, 1.2028884082512137, 0.6337534945283203, 0.6040485023133904, 0.1716105840795044, 0.17011546102790379, 1.0036160822421263, 0.9100619988397246, 1.1800087609239205, 1.1549468819464372, 0.5914049451535117, 0.49292018785877734, 1.0991578604172216, 1.0985349509402427], [0.8138381489326274, 1.04538849652951, 0.5965681812888924, 1.388619219801338, 0.8284067544882618, 0.26136966660061534, 0.8835162404155895, 1.6309406013522072, 1.5833810902402738, 0.6489602516510988, 0.85893687909635, 0.0, 0.2640662315565173, 1.0522819734984248, 1.0390796016468566, 1.763445145859431, 1.8004450558322957, 1.6698459861233492, 1.751827771653965, 0.6514720389731797, 0.5135499770049147, 0.9743781246658813, 0.8631448875711941, 0.17346301641462428, 0.16992238393655265, 0.4100855193497022, 0.33225398737717815, 1.1997748538476238, 1.1244965938353744, 1.1064942428805813, 1.1907048990306586], [0.8354469610809697, 1.0815977487689776, 0.5862475324340886, 1.402289844534865, 0.9138318645809422, 0.25643473927453486, 0.8427616735615435, 1.6569343934222216, 1.564613766296968, 0.6850360257958517, 1.0107515843932715, 0.2640662315565173, 0.0, 1.0621893747011506, 0.9352014668082504, 1.8037646605494688, 1.8231282521373922, 1.6269210963227403, 1.7247739284258135, 0.6180514246203156, 0.5102110795918208, 1.1500058625726333, 1.051049374735862, 0.33642431731787464, 0.40866477110465405, 0.1709043329632219, 0.16852865672742093, 1.2312853646468351, 1.1718696886217093, 0.9646460733712608, 1.0649117896183096], [0.23857322603293038, 0.10620235274554705, 0.47633487031717825, 0.3406722500277797, 0.33635960108413554, 0.8267526472818907, 0.2685152819418911, 0.5951205519759939, 0.5380424059790472, 0.4038424393858792, 0.5765959733430439, 1.0522819734984248, 1.0621893747011506, 0.0, 0.45312269847000747, 0.7468037254616491, 0.7609583323269612, 0.6503632530014505, 0.7101485675781921, 0.4486801343972195, 0.5556194095851759, 0.7161092585503199, 0.7466221397550842, 1.2254904459494596, 1.179277327856336, 1.1968120769174324, 1.2306755225315371, 0.18453327573104644, 0.18197196485438652, 0.6230764733531725, 0.5803948274377829], [0.46424270368173265, 0.5537157108590445, 0.4877869656608601, 0.6709664609566582, 0.6754510556704302, 0.7778339283140548, 0.2613198800227357, 0.9151030699411897, 0.7202537438823426, 0.54151053263569, 0.9366247751420204, 1.0390796016468566, 0.9352014668082504, 0.45312269847000747, 0.0, 1.0832407491344738, 1.0523732058421043, 0.731802048259779, 0.8511318357986114, 0.4186096820574137, 0.5565385776508458, 1.1005226901021343, 1.0945401499615557, 1.2019953278849778, 1.2005033345828136, 1.0167938812011692, 1.091496421102706, 0.6120979676929492, 0.6346454440739904, 0.17117659361869286, 0.17168171262766238], [0.9684937202909891, 0.7237002074440706, 1.218185028720416, 0.4210989707886105, 0.9431476123195337, 1.5600092723394499, 1.000931996018528, 0.16848992618697492, 0.43011722316231693, 1.1248775111504095, 1.0351450142885188, 1.763445145859431, 1.8037646605494688, 0.7468037254616491, 1.0832407491344738, 0.0, 0.12417743173832486, 0.5572900809904846, 0.4516827801542908, 1.1951863986010391, 1.2937344375090618, 1.0634443253376116, 1.1658176002847713, 1.9328875997649886, 1.8678811378805917, 1.942758857254011, 1.97169792465524, 0.5724807852070245, 0.6392454952682218, 1.217118597565549, 1.1193942326220998], [0.9929369631379383, 0.7550565691608843, 1.2372297875394316, 0.4212943894873172, 0.993579294521733, 1.5857643124044078, 1.0001468535511016, 0.1697348652171064, 0.35659391318448747, 1.1544246905900546, 1.110742086640581, 1.8004450558322957, 1.8231282521373922, 0.7609583323269612, 1.0523732058421043, 0.12417743173832486, 0.0, 0.4598731386762605, 0.3422961956485166, 1.2076820080504833, 1.3157942870044526, 1.1532784664385194, 1.2500442866747568, 1.9718994205860187, 1.9132194515763972, 1.955313879328289, 1.991625227222082, 0.6006793900212793, 0.6800943657589196, 1.1743339045560244, 1.070099374371338], [0.8766693524899879, 0.7091652298596796, 1.073486473097301, 0.4128454880896942, 0.9760328232035492, 1.4231017969344013, 0.7900470773472296, 0.42987774042582905, 0.1660822075403474, 1.0376709415251482, 1.181171012809012, 1.6698459861233492, 1.6269210963227403, 0.6503632530014505, 0.731802048259779, 0.5572900809904846, 0.4598731386762605, 0.0, 0.13663231924760336, 1.0227042406626254, 1.1566568550755723, 1.2826992500022338, 1.3464835710981484, 1.842592538566073, 1.810393257257847, 1.7308976564290668, 1.791704183777434, 0.5901303910954153, 0.6883199377007357, 0.808073706868056, 0.6910646663620619], [0.9453381762947444, 0.7521809414198596, 1.1585305468970226, 0.4196656880514208, 1.0190781276385472, 1.5114550065610897, 0.8825398243931976, 0.3525367780514631, 0.1728640911671262, 1.1096419714131234, 1.2028884082512137, 1.751827771653965, 1.7247739284258135, 0.7101485675781921, 0.8511318357986114, 0.4516827801542908, 0.3422961956485166, 0.13663231924760336, 0.0, 1.1125761280969921, 1.2415575305631892, 1.288635818160186, 1.3629969399371764, 1.9252119837121378, 1.8861082504854518, 1.8357862898453527, 1.891219096106322, 0.6160117268916814, 0.7141653773159973, 0.9374767544838556, 0.8219779068198069], [0.24500357898857253, 0.4853297821448793, 0.06972788534140882, 0.7863898020709994, 0.41315400569448385, 0.4004014425947978, 0.23295548205854585, 1.0432765399708273, 0.9491220308688617, 0.17438032291363265, 0.6337534945283203, 0.6514720389731797, 0.6180514246203156, 0.4486801343972195, 0.4186096820574137, 1.1951863986010391, 1.2076820080504833, 1.0227042406626254, 1.1125761280969921, 0.0, 0.14207585866148742, 0.8051933124931767, 0.7630379443901335, 0.8225768105823432, 0.8023646546271208, 0.7482124653563674, 0.7863838825980382, 0.6258129938280812, 0.5815440353819824, 0.5378200026213228, 0.5872581109046479], [0.3252728206190086, 0.5714468288414895, 0.08320223411257412, 0.8962748038986477, 0.43087705902485623, 0.271858396378171, 0.37058715991339336, 1.1485457868297104, 1.0751420816258919, 0.18160298959098384, 0.6040485023133904, 0.5135499770049147, 0.5102110795918208, 0.5556194095851759, 0.5565385776508458, 1.2937344375090618, 1.3157942870044526, 1.1566568550755723, 1.2415575305631892, 0.14207585866148742, 0.0, 0.7706094519515815, 0.7085942570031883, 0.6859725485317686, 0.6612671272360807, 0.656427860608165, 0.6779671062173542, 0.7212788647380642, 0.6625305633169629, 0.6637325418388359, 0.7225680876534859], [0.6394304820429658, 0.6172436409266282, 0.7594703583820042, 0.8732444102293505, 0.42554946089560297, 0.9080029292694959, 0.841511082617283, 1.0041443728076802, 1.1287340378728183, 0.6309193944485082, 0.1716105840795044, 0.9743781246658813, 1.1500058625726333, 0.7161092585503199, 1.1005226901021343, 1.0634443253376116, 1.1532784664385194, 1.2826992500022338, 1.288635818160186, 0.8051933124931767, 0.7706094519515815, 0.0, 0.12366023593845965, 1.1047933749937167, 1.0013169492034517, 1.320667265893362, 1.2855339914183415, 0.6967473067865393, 0.6022468331965092, 1.2652163057875934, 1.2593290933197439], [0.6305271851689336, 0.6559783927846117, 0.7098933233977218, 0.9438874946981043, 0.42604717881178605, 0.8167116932717848, 0.8332225095862108, 1.095501512998915, 1.1983048390177709, 0.5902148466845607, 0.17011546102790379, 0.8631448875711941, 1.051049374735862, 0.7466221397550842, 1.0945401499615557, 1.1658176002847713, 1.2500442866747568, 1.3464835710981484, 1.3629969399371764, 0.7630379443901335, 0.7085942570031883, 0.12366023593845965, 0.0, 0.9878880316550838, 0.8821552162094877, 1.2219458843718856, 1.1803417646355747, 0.7563786797674492, 0.6585255020849581, 1.2534384905469782, 1.2593184505903983], [0.986980640949115, 1.216960136851919, 0.7691161865074069, 1.5612601118523957, 0.9941863910781674, 0.4263233106185419, 1.0551589729977704, 1.8022823963812424, 1.7568387392917526, 0.8219487019498495, 1.0036160822421263, 0.17346301641462428, 0.33642431731787464, 1.2254904459494596, 1.2019953278849778, 1.9328875997649886, 1.9718994205860187, 1.842592538566073, 1.9252119837121378, 0.8225768105823432, 0.6859725485317686, 1.1047933749937167, 0.9878880316550838, 0.0, 0.12106934138107445, 0.4249904206175334, 0.3126133473057118, 1.371367592255208, 1.2945852024885482, 1.259599321384159, 1.348974249207704], [0.9414878220635894, 1.161073694625243, 0.7427508696155017, 1.5092460474728604, 0.9249717823961048, 0.4261766167051956, 1.0313006836813488, 1.7435178594902585, 1.715610035891651, 0.7765956998369675, 0.9100619988397246, 0.16992238393655265, 0.40866477110465405, 1.179277327856336, 1.2005033345828136, 1.8678811378805917, 1.9132194515763972, 1.810393257257847, 1.8861082504854518, 0.8023646546271208, 0.6612671272360807, 1.0013169492034517, 0.8821552162094877, 0.12106934138107445, 0.0, 0.5246698460743158, 0.4206667937419881, 1.314870724882434, 1.233309809596882, 1.2736117659447115, 1.3552366769342834], [0.9784739132512125, 1.2252176705081352, 0.7264874310843155, 1.534093294728697, 1.0730711528817642, 0.4208894552573344, 0.961236706781292, 1.7914547525450077, 1.6809598327704296, 0.8360808819530019, 1.1800087609239205, 0.4100855193497022, 0.1709043329632219, 1.1968120769174324, 1.0167938812011692, 1.942758857254011, 1.955313879328289, 1.7308976564290668, 1.8357862898453527, 0.7482124653563674, 0.656427860608165, 1.320667265893362, 1.2219458843718856, 0.4249904206175334, 0.5246698460743158, 0.0, 0.12213021559194447, 1.3715054143062997, 1.318024906227416, 1.0190820899144077, 1.1282681138964952], [1.003232676174831, 1.2490487235318426, 0.7546210174786837, 1.5708136735612428, 1.0745722140966931, 0.41761452232558566, 1.0099235049774609, 1.8253400063385636, 1.7319494278293486, 0.8510332848147506, 1.1549468819464372, 0.33225398737717815, 0.16852865672742093, 1.2306755225315371, 1.091496421102706, 1.97169792465524, 1.991625227222082, 1.791704183777434, 1.891219096106322, 0.7863838825980382, 0.6779671062173542, 1.2855339914183415, 1.1803417646355747, 0.3126133473057118, 0.4206667937419881, 0.12213021559194447, 0.0, 1.3992298817029445, 1.3386440663640393, 1.1083651550761273, 1.2134233858421255], [0.3960990227822071, 0.1544087774000739, 0.6459368824572719, 0.20125716595392684, 0.4085204676851548, 0.9884678939560168, 0.45258891793310474, 0.4312906558386971, 0.4461700187649108, 0.5546622424979297, 0.5914049451535117, 1.1997748538476238, 1.2312853646468351, 0.18453327573104644, 0.6120979676929492, 0.5724807852070245, 0.6006793900212793, 0.5901303910954153, 0.6160117268916814, 0.6258129938280812, 0.7212788647380642, 0.6967473067865393, 0.7563786797674492, 1.371367592255208, 1.314870724882434, 1.3715054143062997, 1.3992298817029445, 0.0, 0.09869849967097127, 0.7765177739213461, 0.7153440627090557], [0.34025276357260564, 0.0975263495827039, 0.5921360039052805, 0.29707582433167135, 0.31652337490209426, 0.9237742092709004, 0.4393886190800052, 0.5105194684532586, 0.5447600188618646, 0.48809975563708974, 0.49292018785877734, 1.1244965938353744, 1.1718696886217093, 0.18197196485438652, 0.6346454440739904, 0.6392454952682218, 0.6800943657589196, 0.6883199377007357, 0.7141653773159973, 0.5815440353819824, 0.662