{"name": "tree-2-4", "nodes": [{"index": 0, "id": "0", "x": 203.1818961984988, "y": 240.37240641085748}, {"index": 1, "id": "1", "x": 189.00993865319398, "y": 167.51026032558224}, {"index": 2, "id": "2", "x": 217.28645040135976, "y": 312.3417320541223}, {"index": 3, "id": "3", "x": 166.2151328610961, "y": 96.13263207574471}, {"index": 4, "id": "4", "x": 210.8600735240158, "y": 143.77270843229724}, {"index": 5, "id": "5", "x": 307.4544911235938, "y": 346.13633264692487}, {"index": 6, "id": "6", "x": 141.74197415815198, "y": 357.8224613910873}, {"index": 7, "id": "7", "x": 195.51283603952163, "y": 46.435608606721985}, {"index": 8, "id": "8", "x": 108.66837396776278, "y": 54.874366337898266}, {"index": 9, "id": "9", "x": 288.8970344651446, "y": 130.50251247919152}, {"index": 10, "id": "10", "x": 132.0597289620962, "y": 146.95736563344158}, {"index": 11, "id": "11", "x": 388.20125549697957, "y": 346.22969068176997}, {"index": 12, "id": "12", "x": 341.7229024823363, "y": 391.74373933175775}, {"index": 13, "id": "13", "x": 63.0997073454113, "y": 367.87428270602936}, {"index": 14, "id": "14", "x": 124.02901340368307, "y": 406.82956599851525}, {"index": 15, "id": "15", "x": 231.5305861138767, "y": 18.896366557178567}, {"index": 16, "id": "16", "x": 193.45345535605352, "y": 10.0}, {"index": 17, "id": "17", "x": 58.63173648203815, "y": 38.197462105884426}, {"index": 18, "id": "18", "x": 88.35870834686888, "y": 20.332809260187503}, {"index": 19, "id": "19", "x": 329.9530214808527, "y": 107.18949101329108}, {"index": 20, "id": "20", "x": 343.0066899224444, "y": 132.30233378684093}, {"index": 21, "id": "21", "x": 83.16454233927132, "y": 159.98549345516494}, {"index": 22, "id": "22", "x": 82.5536105826242, "y": 134.05712540857166}, {"index": 23, "id": "23", "x": 440.0, "y": 335.95960756926183}, {"index": 24, "id": "24", "x": 438.2728903352496, "y": 361.70664421898664}, {"index": 25, "id": "25", "x": 345.3426741247325, "y": 425.7198130694793}, {"index": 26, "id": "26", "x": 382.94564154141153, "y": 414.5243430448544}, {"index": 27, "id": "27", "x": 18.554402131435438, "y": 389.14960559244344}, {"index": 28, "id": "28", "x": 10.0, "y": 363.3119873648203}, {"index": 29, "id": "29", "x": 132.88504765033687, "y": 439.99999999999994}, {"index": 30, "id": "30", "x": 91.82110937926467, "y": 434.3665201560849}], "edges": [{"source": "0", "target": "1"}, {"source": "0", "target": "2"}, {"source": "1", "target": "3"}, {"source": "1", "target": "4"}, {"source": "2", "target": "5"}, {"source": "2", "target": "6"}, {"source": "3", "target": "7"}, {"source": "3", "target": "8"}, {"source": "4", "target": "9"}, {"source": "4", "target": "10"}, {"source": "5", "target": "11"}, {"source": "5", "target": "12"}, {"source": "6", "target": "13"}, {"source": "6", "target": "14"}, {"source": "7", "target": "15"}, {"source": "7", "target": "16"}, {"source": "8", "target": "17"}, {"source": "8", "target": "18"}, {"source": "9", "target": "19"}, {"source": "9", "target": "20"}, {"source": "10", "target": "21"}, {"source": "10", "target": "22"}, {"source": "11", "target": "23"}, {"source": "11", "target": "24"}, {"source": "12", "target": "25"}, {"source": "12", "target": "26"}, {"source": "13", "target": "27"}, {"source": "13", "target": "28"}, {"source": "14", "target": "29"}, {"source": "14", "target": "30"}], "weight": [[1.0, 1.0, 1.0, 0.25, 0.25, 0.25, 0.25, 0.1111111119389534, 0.1111111119389534, 0.1111111119389534, 0.1111111119389534, 0.1111111119389534, 0.1111111119389534, 0.1111111119389534, 0.1111111119389534, 0.0625, 0.0625, 0.0625, 0.0625, 0.0625, 0.0625, 0.0625, 0.0625, 0.0625, 0.0625, 0.0625, 0.0625, 0.0625, 0.0625, 0.0625, 0.0625], [1.0, 1.0, 0.25, 1.0, 1.0, 0.1111111119389534, 0.1111111119389534, 0.25, 0.25, 0.25, 0.25, 0.0625, 0.0625, 0.0625, 0.0625, 0.1111111119389534, 0.1111111119389534, 0.1111111119389534, 0.1111111119389534, 0.1111111119389534, 0.1111111119389534, 0.1111111119389534, 0.1111111119389534, 0.03999999910593033, 0.03999999910593033, 0.03999999910593033, 0.03999999910593033, 0.03999999910593033, 0.03999999910593033, 0.03999999910593033, 0.03999999910593033], [1.0, 0.25, 1.0, 0.1111111119389534, 0.1111111119389534, 1.0, 1.0, 0.0625, 0.0625, 0.0625, 0.0625, 0.25, 0.25, 0.25, 0.25, 0.03999999910593033, 0.03999999910593033, 0.03999999910593033, 0.03999999910593033, 0.03999999910593033, 0.03999999910593033, 0.03999999910593033, 0.03999999910593033, 0.1111111119389534, 0.1111111119389534, 0.1111111119389534, 0.1111111119389534, 0.1111111119389534, 0.1111111119389534, 0.1111111119389534, 0.1111111119389534], [0.25, 1.0, 0.1111111119389534, 1.0, 0.25, 0.0625, 0.0625, 1.0, 1.0, 0.1111111119389534, 0.1111111119389534, 0.03999999910593033, 0.03999999910593033, 0.03999999910593033, 0.03999999910593033, 0.25, 0.25, 0.25, 0.25, 0.0625, 0.0625, 0.0625, 0.0625, 0.02777777798473835, 0.02777777798473835, 0.02777777798473835, 0.02777777798473835, 0.02777777798473835, 0.02777777798473835, 0.02777777798473835, 0.02777777798473835], [0.25, 1.0, 0.1111111119389534, 0.25, 1.0, 0.0625, 0.0625, 0.1111111119389534, 0.1111111119389534, 1.0, 1.0, 0.03999999910593033, 0.03999999910593033, 0.03999999910593033, 0.03999999910593033, 0.0625, 0.0625, 0.0625, 0.0625, 0.25, 0.25, 0.25, 0.25, 0.02777777798473835, 0.02777777798473835, 0.02777777798473835, 0.02777777798473835, 0.02777777798473835, 0.02777777798473835, 0.02777777798473835, 0.02777777798473835], [0.25, 0.1111111119389534, 1.0, 0.0625, 0.0625, 1.0, 0.25, 0.03999999910593033, 0.03999999910593033, 0.03999999910593033, 0.03999999910593033, 1.0, 1.0, 0.1111111119389534, 0.1111111119389534, 0.02777777798473835, 0.02777777798473835, 0.02777777798473835, 0.02777777798473835, 0.02777777798473835, 0.02777777798473835, 0.02777777798473835, 0.02777777798473835, 0.25, 0.25, 0.25, 0.25, 0.0625, 0.0625, 0.0625, 0.0625], [0.25, 0.1111111119389534, 1.0, 0.0625, 0.0625, 0.25, 1.0, 0.03999999910593033, 0.03999999910593033, 0.03999999910593033, 0.03999999910593033, 0.1111111119389534, 0.1111111119389534, 1.0, 1.0, 0.02777777798473835, 0.02777777798473835, 0.02777777798473835, 0.02777777798473835, 0.02777777798473835, 0.02777777798473835, 0.02777777798473835, 0.02777777798473835, 0.0625, 0.0625, 0.0625, 0.0625, 0.25, 0.25, 0.25, 0.25], [0.1111111119389534, 0.25, 0.0625, 1.0, 0.1111111119389534, 0.03999999910593033, 0.03999999910593033, 1.0, 0.25, 0.0625, 0.0625, 0.02777777798473835, 0.02777777798473835, 0.02777777798473835, 0.02777777798473835, 1.0, 1.0, 0.1111111119389534, 0.1111111119389534, 0.03999999910593033, 0.03999999910593033, 0.03999999910593033, 0.03999999910593033, 0.020408162847161293, 0.020408162847161293, 0.020408162847161293, 0.020408162847161293, 0.020408162847161293, 0.020408162847161293, 0.020408162847161293, 0.020408162847161293], [0.1111111119389534, 0.25, 0.0625, 1.0, 0.1111111119389534, 0.03999999910593033, 0.03999999910593033, 0.25, 1.0, 0.0625, 0.0625, 0.02777777798473835, 0.02777777798473835, 0.02777777798473835, 0.02777777798473835, 0.1111111119389534, 0.1111111119389534, 1.0, 1.0, 0.03999999910593033, 0.03999999910593033, 0.03999999910593033, 0.03999999910593033, 0.020408162847161293, 0.020408162847161293, 0.020408162847161293, 0.020408162847161293, 0.020408162847161293, 0.020408162847161293, 0.020408162847161293, 0.020408162847161293], [0.1111111119389534, 0.25, 0.0625, 0.1111111119389534, 1.0, 0.03999999910593033, 0.03999999910593033, 0.0625, 0.0625, 1.0, 0.25, 0.02777777798473835, 0.02777777798473835, 0.02777777798473835, 0.02777777798473835, 0.03999999910593033, 0.03999999910593033, 0.03999999910593033, 0.03999999910593033, 1.0, 1.0, 0.1111111119389534, 0.1111111119389534, 0.020408162847161293, 0.020408162847161293, 0.020408162847161293, 0.020408162847161293, 0.020408162847161293, 0.020408162847161293, 0.020408162847161293, 0.020408162847161293], [0.1111111119389534, 0.25, 0.0625, 0.1111111119389534, 1.0, 0.03999999910593033, 0.03999999910593033, 0.0625, 0.0625, 0.25, 1.0, 0.02777777798473835, 0.02777777798473835, 0.02777777798473835, 0.02777777798473835, 0.03999999910593033, 0.03999999910593033, 0.03999999910593033, 0.03999999910593033, 0.1111111119389534, 0.1111111119389534, 1.0, 1.0, 0.020408162847161293, 0.020408162847161293, 0.020408162847161293, 0.020408162847161293, 0.020408162847161293, 0.020408162847161293, 0.020408162847161293, 0.020408162847161293], [0.1111111119389534, 0.0625, 0.25, 0.03999999910593033, 0.03999999910593033, 1.0, 0.1111111119389534, 0.02777777798473835, 0.02777777798473835, 0.02777777798473835, 0.02777777798473835, 1.0, 0.25, 0.0625, 0.0625, 0.020408162847161293, 0.020408162847161293, 0.020408162847161293, 0.020408162847161293, 0.020408162847161293, 0.020408162847161293, 0.020408162847161293, 0.020408162847161293, 1.0, 1.0, 0.1111111119389534, 0.1111111119389534, 0.03999999910593033, 0.03999999910593033, 0.03999999910593033, 0.03999999910593033], [0.1111111119389534, 0.0625, 0.25, 0.03999999910593033, 0.03999999910593033, 1.0, 0.1111111119389534, 0.02777777798473835, 0.02777777798473835, 0.02777777798473835, 0.02777777798473835, 0.25, 1.0, 0.0625, 0.0625, 0.020408162847161293, 0.020408162847161293, 0.020408162847161293, 0.020408162847161293, 0.020408162847161293, 0.020408162847161293, 0.020408162847161293, 0.020408162847161293, 0.1111111119389534, 0.1111111119389534, 1.0, 1.0, 0.03999999910593033, 0.03999999910593033, 0.03999999910593033, 0.03999999910593033], [0.1111111119389534, 0.0625, 0.25, 0.03999999910593033, 0.03999999910593033, 0.1111111119389534, 1.0, 0.02777777798473835, 0.02777777798473835, 0.02777777798473835, 0.02777777798473835, 0.0625, 0.0625, 1.0, 0.25, 0.020408162847161293, 0.020408162847161293, 0.020408162847161293, 0.020408162847161293, 0.020408162847161293, 0.020408162847161293, 0.020408162847161293, 0.020408162847161293, 0.03999999910593033, 0.03999999910593033, 0.03999999910593033, 0.03999999910593033, 1.0, 1.0, 0.1111111119389534, 0.1111111119389534], [0.1111111119389534, 0.0625, 0.25, 0.03999999910593033, 0.03999999910593033, 0.1111111119389534, 1.0, 0.02777777798473835, 0.02777777798473835, 0.02777777798473835, 0.02777777798473835, 0.0625, 0.0625, 0.25, 1.0, 0.020408162847161293, 0.020408162847161293, 0.020408162847161293, 0.020408162847161293, 0.020408162847161293, 0.020408162847161293, 0.020408162847161293, 0.020408162847161293, 0.03999999910593033, 0.03999999910593033, 0.03999999910593033, 0.03999999910593033, 0.1111111119389534, 0.1111111119389534, 1.0, 1.0], [0.0625, 0.1111111119389534, 0.03999999910593033, 0.25, 0.0625, 0.02777777798473835, 0.02777777798473835, 1.0, 0.1111111119389534, 0.03999999910593033, 0.03999999910593033, 0.020408162847161293, 0.020408162847161293, 0.020408162847161293, 0.020408162847161293, 1.0, 0.25, 0.0625, 0.0625, 0.02777777798473835, 0.02777777798473835, 0.02777777798473835, 0.02777777798473835, 0.015625, 0.015625, 0.015625, 0.015625, 0.015625, 0.015625, 0.015625, 0.015625], [0.0625, 0.1111111119389534, 0.03999999910593033, 0.25, 0.0625, 0.02777777798473835, 0.02777777798473835, 1.0, 0.1111111119389534, 0.03999999910593033, 0.03999999910593033, 0.020408162847161293, 0.020408162847161293, 0.020408162847161293, 0.020408162847161293, 0.25, 1.0, 0.0625, 0.0625, 0.02777777798473835, 0.02777777798473835, 0.02777777798473835, 0.02777777798473835, 0.015625, 0.015625, 0.015625, 0.015625, 0.015625, 0.015625, 0.015625, 0.015625], [0.0625, 0.1111111119389534, 0.03999999910593033, 0.25, 0.0625, 0.02777777798473835, 0.02777777798473835, 0.1111111119389534, 1.0, 0.03999999910593033, 0.03999999910593033, 0.020408162847161293, 0.020408162847161293, 0.020408162847161293, 0.020408162847161293, 0.0625, 0.0625, 1.0, 0.25, 0.02777777798473835, 0.02777777798473835, 0.02777777798473835, 0.02777777798473835, 0.015625, 0.015625, 0.015625, 0.015625, 0.015625, 0.015625, 0.015625, 0.015625], [0.0625, 0.1111111119389534, 0.03999999910593033, 0.25, 0.0625, 0.02777777798473835, 0.02777777798473835, 0.1111111119389534, 1.0, 0.03999999910593033, 0.03999999910593033, 0.020408162847161293, 0.020408162847161293, 0.020408162847161293, 0.020408162847161293, 0.0625, 0.0625, 0.25, 1.0, 0.02777777798473835, 0.02777777798473835, 0.02777777798473835, 0.02777777798473835, 0.015625, 0.015625, 0.015625, 0.015625, 0.015625, 0.015625, 0.015625, 0.015625], [0.0625, 0.1111111119389534, 0.03999999910593033, 0.0625, 0.25, 0.02777777798473835, 0.02777777798473835, 0.03999999910593033, 0.03999999910593033, 1.0, 0.1111111119389534, 0.020408162847161293, 0.020408162847161293, 0.020408162847161293, 0.020408162847161293, 0.02777777798473835, 0.02777777798473835, 0.02777777798473835, 0.02777777798473835, 1.0, 0.25, 0.0625, 0.0625, 0.015625, 0.015625, 0.015625, 0.015625, 0.015625, 0.015625, 0.015625, 0.015625], [0.0625, 0.1111111119389534, 0.03999999910593033, 0.0625, 0.25, 0.02777777798473835, 0.02777777798473835, 0.03999999910593033, 0.03999999910593033, 1.0, 0.1111111119389534, 0.020408162847161293, 0.020408162847161293, 0.020408162847161293, 0.020408162847161293, 0.02777777798473835, 0.02777777798473835, 0.02777777798473835, 0.02777777798473835, 0.25, 1.0, 0.0625, 0.0625, 0.015625, 0.015625, 0.015625, 0.015625, 0.015625, 0.015625, 0.015625, 0.015625], [0.0625, 0.1111111119389534, 0.03999999910593033, 0.0625, 0.25, 0.02777777798473835, 0.02777777798473835, 0.03999999910593033, 0.03999999910593033, 0.1111111119389534, 1.0, 0.020408162847161293, 0.020408162847161293, 0.020408162847161293, 0.020408162847161293, 0.02777777798473835, 0.02777777798473835, 0.02777777798473835, 0.02777777798473835, 0.0625, 0.0625, 1.0, 0.25, 0.015625, 0.015625, 0.015625, 0.015625, 0.015625, 0.015625, 0.015625, 0.015625], [0.0625, 0.1111111119389534, 0.03999999910593033, 0.0625, 0.25, 0.02777777798473835, 0.02777777798473835, 0.03999999910593033, 0.03999999910593033, 0.1111111119389534, 1.0, 0.020408162847161293, 0.020408162847161293, 0.020408162847161293, 0.020408162847161293, 0.02777777798473835, 0.02777777798473835, 0.02777777798473835, 0.02777777798473835, 0.0625, 0.0625, 0.25, 1.0, 0.015625, 0.015625, 0.015625, 0.015625, 0.015625, 0.015625, 0.015625, 0.015625], [0.0625, 0.03999999910593033, 0.1111111119389534, 0.02777777798473835, 0.02777777798473835, 0.25, 0.0625, 0.020408162847161293, 0.020408162847161293, 0.020408162847161293, 0.020408162847161293, 1.0, 0.1111111119389534, 0.03999999910593033, 0.03999999910593033, 0.015625, 0.015625, 0.015625, 0.015625, 0.015625, 0.015625, 0.015625, 0.015625, 1.0, 0.25, 0.0625, 0.0625, 0.02777777798473835, 0.02777777798473835, 0.02777777798473835, 0.02777777798473835], [0.0625, 0.03999999910593033, 0.1111111119389534, 0.02777777798473835, 0.02777777798473835, 0.25, 0.0625, 0.020408162847161293, 0.020408162847161293, 0.020408162847161293, 0.020408162847161293, 1.0, 0.1111111119389534, 0.03999999910593033, 0.03999999910593033, 0.015625, 0.015625, 0.015625, 0.015625, 0.015625, 0.015625, 0.015625, 0.015625, 0.25, 1.0, 0.0625, 0.0625, 0.02777777798473835, 0.02777777798473835, 0.02777777798473835, 0.02777777798473835], [0.0625, 0.03999999910593033, 0.1111111119389534, 0.02777777798473835, 0.02777777798473835, 0.25, 0.0625, 0.020408162847161293, 0.020408162847161293, 0.020408162847161293, 0.020408162847161293, 0.1111111119389534, 1.0, 0.03999999910593033, 0.03999999910593033, 0.015625, 0.015625, 0.015625, 0.015625, 0.015625, 0.015625, 0.015625, 0.015625, 0.0625, 0.0625, 1.0, 0.25, 0.02777777798473835, 0.02777777798473835, 0.02777777798473835, 0.02777777798473835], [0.0625, 0.03999999910593033, 0.1111111119389534, 0.02777777798473835, 0.02777777798473835, 0.25, 0.0625, 0.020408162847161293, 0.020408162847161293, 0.020408162847161293, 0.020408162847161293, 0.1111111119389534, 1.0, 0.03999999910593033, 0.03999999910593033, 0.015625, 0.015625, 0.015625, 0.015625, 0.015625, 0.015625, 0.015625, 0.015625, 0.0625, 0.0625, 0.25, 1.0, 0.02777777798473835, 0.02777777798473835, 0.02777777798473835, 0.02777777798473835], [0.0625, 0.03999999910593033, 0.1111111119389534, 0.02777777798473835, 0.02777777798473835, 0.0625, 0.25, 0.020408162847161293, 0.020408162847161293, 0.020408162847161293, 0.020408162847161293, 0.03999999910593033, 0.03999999910593033, 1.0, 0.1111111119389534, 0.015625, 0.015625, 0.015625, 0.015625, 0.015625, 0.015625, 0.015625, 0.015625, 0.02777777798473835, 0.02777777798473835, 0.02777777798473835, 0.02777777798473835, 1.0, 0.25, 0.0625, 0.0625], [0.0625, 0.03999999910593033, 0.1111111119389534, 0.02777777798473835, 0.02777777798473835, 0.0625, 0.25, 0.020408162847161293, 0.020408162847161293, 0.020408162847161293, 0.020408162847161293, 0.03999999910593033, 0.03999999910593033, 1.0, 0.1111111119389534, 0.015625, 0.015625, 0.015625, 0.015625, 0.015625, 0.015625, 0.015625, 0.015625, 0.02777777798473835, 0.02777777798473835, 0.02777777798473835, 0.02777777798473835, 0.25, 1.0, 0.0625, 0.0625], [0.0625, 0.03999999910593033, 0.1111111119389534, 0.02777777798473835, 0.02777777798473835, 0.0625, 0.25, 0.020408162847161293, 0.020408162847161293, 0.020408162847161293, 0.020408162847161293, 0.03999999910593033, 0.03999999910593033, 0.1111111119389534, 1.0, 0.015625, 0.015625, 0.015625, 0.015625, 0.015625, 0.015625, 0.015625, 0.015625, 0.02777777798473835, 0.02777777798473835, 0.02777777798473835, 0.02777777798473835, 0.0625, 0.0625, 1.0, 0.25], [0.0625, 0.03999999910593033, 0.1111111119389534, 0.02777777798473835, 0.02777777798473835, 0.0625, 0.25, 0.020408162847161293, 0.020408162847161293, 0.020408162847161293, 0.020408162847161293, 0.03999999910593033, 0.03999999910593033, 0.1111111119389534, 1.0, 0.015625, 0.015625, 0.015625, 0.015625, 0.015625, 0.015625, 0.015625, 0.015625, 0.02777777798473835, 0.02777777798473835, 0.02777777798473835, 0.02777777798473835, 0.0625, 0.0625, 0.25, 1.0]], "shortestPath": [[0.0, 1.0, 1.0, 2.0, 2.0, 2.0, 2.0, 3.0, 3.0, 3.0, 3.0, 3.0, 3.0, 3.0, 3.0, 4.0, 4.0, 4.0, 4.0, 4.0, 4.0, 4.0, 4.0, 4.0, 4.0, 4.0, 4.0, 4.0, 4.0, 4.0, 4.0], [1.0, 0.0, 2.0, 1.0, 1.0, 3.0, 3.0, 2.0, 2.0, 2.0, 2.0, 4.0, 4.0, 4.0, 4.0, 3.0, 3.0, 3.0, 3.0, 3.0, 3.0, 3.0, 3.0, 5.0, 5.0, 5.0, 5.0, 5.0, 5.0, 5.0, 5.0], [1.0, 2.0, 0.0, 3.0, 3.0, 1.0, 1.0, 4.0, 4.0, 4.0, 4.0, 2.0, 2.0, 2.0, 2.0, 5.0, 5.0, 5.0, 5.0, 5.0, 5.0, 5.0, 5.0, 3.0, 3.0, 3.0, 3.0, 3.0, 3.0, 3.0, 3.0], [2.0, 1.0, 3.0, 0.0, 2.0, 4.0, 4.0, 1.0, 1.0, 3.0, 3.0, 5.0, 5.0, 5.0, 5.0, 2.0, 2.0, 2.0, 2.0, 4.0, 4.0, 4.0, 4.0, 6.0, 6.0, 6.0, 6.0, 6.0, 6.0, 6.0, 6.0], [2.0, 1.0, 3.0, 2.0, 0.0, 4.0, 4.0, 3.0, 3.0, 1.0, 1.0, 5.0, 5.0, 5.0, 5.0, 4.0, 4.0, 4.0, 4.0, 2.0, 2.0, 2.0, 2.0, 6.0, 6.0, 6.0, 6.0, 6.0, 6.0, 6.0, 6.0], [2.0, 3.0, 1.0, 4.0, 4.0, 0.0, 2.0, 5.0, 5.0, 5.0, 5.0, 1.0, 1.0, 3.0, 3.0, 6.0, 6.0, 6.0, 6.0, 6.0, 6.0, 6.0, 6.0, 2.0, 2.0, 2.0, 2.0, 4.0, 4.0, 4.0, 4.0], [2.0, 3.0, 1.0, 4.0, 4.0, 2.0, 0.0, 5.0, 5.0, 5.0, 5.0, 3.0, 3.0, 1.0, 1.0, 6.0, 6.0, 6.0, 6.0, 6.0, 6.0, 6.0, 6.0, 4.0, 4.0, 4.0, 4.0, 2.0, 2.0, 2.0, 2.0], [3.0, 2.0, 4.0, 1.0, 3.0, 5.0, 5.0, 0.0, 2.0, 4.0, 4.0, 6.0, 6.0, 6.0, 6.0, 1.0, 1.0, 3.0, 3.0, 5.0, 5.0, 5.0, 5.0, 7.0, 7.0, 7.0, 7.0, 7.0, 7.0, 7.0, 7.0], [3.0, 2.0, 4.0, 1.0, 3.0, 5.0, 5.0, 2.0, 0.0, 4.0, 4.0, 6.0, 6.0, 6.0, 6.0, 3.0, 3.0, 1.0, 1.0, 5.0, 5.0, 5.0, 5.0, 7.0, 7.0, 7.0, 7.0, 7.0, 7.0, 7.0, 7.0], [3.0, 2.0, 4.0, 3.0, 1.0, 5.0, 5.0, 4.0, 4.0, 0.0, 2.0, 6.0, 6.0, 6.0, 6.0, 5.0, 5.0, 5.0, 5.0, 1.0, 1.0, 3.0, 3.0, 7.0, 7.0, 7.0, 7.0, 7.0, 7.0, 7.0, 7.0], [3.0, 2.0, 4.0, 3.0, 1.0, 5.0, 5.0, 4.0, 4.0, 2.0, 0.0, 6.0, 6.0, 6.0, 6.0, 5.0, 5.0, 5.0, 5.0, 3.0, 3.0, 1.0, 1.0, 7.0, 7.0, 7.0, 7.0, 7.0, 7.0, 7.0, 7.0], [3.0, 4.0, 2.0, 5.0, 5.0, 1.0, 3.0, 6.0, 6.0, 6.0, 6.0, 0.0, 2.0, 4.0, 4.0, 7.0, 7.0, 7.0, 7.0, 7.0, 7.0, 7.0, 7.0, 1.0, 1.0, 3.0, 3.0, 5.0, 5.0, 5.0, 5.0], [3.0, 4.0, 2.0, 5.0, 5.0, 1.0, 3.0, 6.0, 6.0, 6.0, 6.0, 2.0, 0.0, 4.0, 4.0, 7.0, 7.0, 7.0, 7.0, 7.0, 7.0, 7.0, 7.0, 3.0, 3.0, 1.0, 1.0, 5.0, 5.0, 5.0, 5.0], [3.0, 4.0, 2.0, 5.0, 5.0, 3.0, 1.0, 6.0, 6.0, 6.0, 6.0, 4.0, 4.0, 0.0, 2.0, 7.0, 7.0, 7.0, 7.0, 7.0, 7.0, 7.0, 7.0, 5.0, 5.0, 5.0, 5.0, 1.0, 1.0, 3.0, 3.0], [3.0, 4.0, 2.0, 5.0, 5.0, 3.0, 1.0, 6.0, 6.0, 6.0, 6.0, 4.0, 4.0, 2.0, 0.0, 7.0, 7.0, 7.0, 7.0, 7.0, 7.0, 7.0, 7.0, 5.0, 5.0, 5.0, 5.0, 3.0, 3.0, 1.0, 1.0], [4.0, 3.0, 5.0, 2.0, 4.0, 6.0, 6.0, 1.0, 3.0, 5.0, 5.0, 7.0, 7.0, 7.0, 7.0, 0.0, 2.0, 4.0, 4.0, 6.0, 6.0, 6.0, 6.0, 8.0, 8.0, 8.0, 8.0, 8.0, 8.0, 8.0, 8.0], [4.0, 3.0, 5.0, 2.0, 4.0, 6.0, 6.0, 1.0, 3.0, 5.0, 5.0, 7.0, 7.0, 7.0, 7.0, 2.0, 0.0, 4.0, 4.0, 6.0, 6.0, 6.0, 6.0, 8.0, 8.0, 8.0, 8.0, 8.0, 8.0, 8.0, 8.0], [4.0, 3.0, 5.0, 2.0, 4.0, 6.0, 6.0, 3.0, 1.0, 5.0, 5.0, 7.0, 7.0, 7.0, 7.0, 4.0, 4.0, 0.0, 2.0, 6.0, 6.0, 6.0, 6.0, 8.0, 8.0, 8.0, 8.0, 8.0, 8.0, 8.0, 8.0], [4.0, 3.0, 5.0, 2.0, 4.0, 6.0, 6.0, 3.0, 1.0, 5.0, 5.0, 7.0, 7.0, 7.0, 7.0, 4.0, 4.0, 2.0, 0.0, 6.0, 6.0, 6.0, 6.0, 8.0, 8.0, 8.0, 8.0, 8.0, 8.0, 8.0, 8.0], [4.0, 3.0, 5.0, 4.0, 2.0, 6.0, 6.0, 5.0, 5.0, 1.0, 3.0, 7.0, 7.0, 7.0, 7.0, 6.0, 6.0, 6.0, 6.0, 0.0, 2.0, 4.0, 4.0, 8.0, 8.0, 8.0, 8.0, 8.0, 8.0, 8.0, 8.0], [4.0, 3.0, 5.0, 4.0, 2.0, 6.0, 6.0, 5.0, 5.0, 1.0, 3.0, 7.0, 7.0, 7.0, 7.0, 6.0, 6.0, 6.0, 6.0, 2.0, 0.0, 4.0, 4.0, 8.0, 8.0, 8.0, 8.0, 8.0, 8.0, 8.0, 8.0], [4.0, 3.0, 5.0, 4.0, 2.0, 6.0, 6.0, 5.0, 5.0, 3.0, 1.0, 7.0, 7.0, 7.0, 7.0, 6.0, 6.0, 6.0, 6.0, 4.0, 4.0, 0.0, 2.0, 8.0, 8.0, 8.0, 8.0, 8.0, 8.0, 8.0, 8.0], [4.0, 3.0, 5.0, 4.0, 2.0, 6.0, 6.0, 5.0, 5.0, 3.0, 1.0, 7.0, 7.0, 7.0, 7.0, 6.0, 6.0, 6.0, 6.0, 4.0, 4.0, 2.0, 0.0, 8.0, 8.0, 8.0, 8.0, 8.0, 8.0, 8.0, 8.0], [4.0, 5.0, 3.0, 6.0, 6.0, 2.0, 4.0, 7.0, 7.0, 7.0, 7.0, 1.0, 3.0, 5.0, 5.0, 8.0, 8.0, 8.0, 8.0, 8.0, 8.0, 8.0, 8.0, 0.0, 2.0, 4.0, 4.0, 6.0, 6.0, 6.0, 6.0], [4.0, 5.0, 3.0, 6.0, 6.0, 2.0, 4.0, 7.0, 7.0, 7.0, 7.0, 1.0, 3.0, 5.0, 5.0, 8.0, 8.0, 8.0, 8.0, 8.0, 8.0, 8.0, 8.0, 2.0, 0.0, 4.0, 4.0, 6.0, 6.0, 6.0, 6.0], [4.0, 5.0, 3.0, 6.0, 6.0, 2.0, 4.0, 7.0, 7.0, 7.0, 7.0, 3.0, 1.0, 5.0, 5.0, 8.0, 8.0, 8.0, 8.0, 8.0, 8.0, 8.0, 8.0, 4.0, 4.0, 0.0, 2.0, 6.0, 6.0, 6.0, 6.0], [4.0, 5.0, 3.0, 6.0, 6.0, 2.0, 4.0, 7.0, 7.0, 7.0, 7.0, 3.0, 1.0, 5.0, 5.0, 8.0, 8.0, 8.0, 8.0, 8.0, 8.0, 8.0, 8.0, 4.0, 4.0, 2.0, 0.0, 6.0, 6.0, 6.0, 6.0], [4.0, 5.0, 3.0, 6.0, 6.0, 4.0, 2.0, 7.0, 7.0, 7.0, 7.0, 5.0, 5.0, 1.0, 3.0, 8.0, 8.0, 8.0, 8.0, 8.0, 8.0, 8.0, 8.0, 6.0, 6.0, 6.0, 6.0, 0.0, 2.0, 4.0, 4.0], [4.0, 5.0, 3.0, 6.0, 6.0, 4.0, 2.0, 7.0, 7.0, 7.0, 7.0, 5.0, 5.0, 1.0, 3.0, 8.0, 8.0, 8.0, 8.0, 8.0, 8.0, 8.0, 8.0, 6.0, 6.0, 6.0, 6.0, 2.0, 0.0, 4.0, 4.0], [4.0, 5.0, 3.0, 6.0, 6.0, 4.0, 2.0, 7.0, 7.0, 7.0, 7.0, 5.0, 5.0, 3.0, 1.0, 8.0, 8.0, 8.0, 8.0, 8.0, 8.0, 8.0, 8.0, 6.0, 6.0, 6.0, 6.0, 4.0, 4.0, 0.0, 2.0], [4.0, 5.0, 3.0, 6.0, 6.0, 4.0, 2.0, 7.0, 7.0, 7.0, 7.0, 5.0, 5.0, 3.0, 1.0, 8.0, 8.0, 8.0, 8.0, 8.0, 8.0, 8.0, 8.0, 6.0, 6.0, 6.0, 6.0, 4.0, 4.0, 2.0, 0.0]], "euclideanDistance": [[0.0, 0.32365829784133354, 0.3197285676570859, 0.6442213537588205, 0.4264349251806327, 0.5493660741880745, 0.5453745442154636, 0.855314404981729, 0.8591727679309913, 0.540052447473603, 0.45702942869823276, 0.6952983246442878, 0.7709255501828515, 0.6842992887842868, 0.7662975093708173, 0.9796531165938922, 1.0160499155103546, 0.9780935335796548, 1.0214978887622905, 0.6851942445196921, 0.61540684075525, 0.48721477200732094, 0.5767303809934523, 0.7827965961791211, 0.8455834558993512, 0.9080708946109786, 0.9166715344335962, 0.8335201044484122, 0.7637839209431153, 0.9016574521981292, 0.9098150752823327], [0.32365829784133354, 0.0, 0.6433867976087814, 0.3210385762785421, 0.1210681005378451, 0.8538629664391212, 0.8493349866595744, 0.5341130597581734, 0.5446983119833437, 0.3225526870008151, 0.1826941465807829, 0.963712434119652, 1.0762579984364133, 0.9504628118020154, 1.0705477624177364, 0.6658428683590825, 0.6945569910673657, 0.6759741944931684, 0.7068703576060272, 0.4742010602173443, 0.4561882412313587, 0.29669861391865016, 0.3311941325965039, 1.0199867463283565, 1.1023457688844043, 1.218866710692264, 1.2156838447605278, 1.0864338098477486, 0.9969344942872882, 1.21150920297264, 1.2072874794081059], [0.3197285676570859, 0.6433867976087814, 0.0, 0.9638009974714365, 0.7434192056422857, 0.29203661552025534, 0.2906722201571754, 1.173920862063421, 1.1747778499218495, 0.8261538504704126, 0.7668369248799803, 0.4989857214685087, 0.49264712391754334, 0.4943800025706577, 0.4909452246445663, 1.2943790052055044, 1.334646059070436, 1.2869363516427328, 1.3365902693004355, 0.9573957065670919, 0.8675941719129324, 0.7686297450982471, 0.8710401734389157, 0.6290585443501824, 0.6529127298915128, 0.61409494032396, 0.6449031609921541, 0.6489415130245563, 0.6195963043920152, 0.6099625898932596, 0.6415465541766951], [0.6442213537588205, 0.3210385762785421, 0.9638009974714365, 0.0, 0.24409531903261372, 1.170351157237813, 1.155776027489716, 0.23381412640770077, 0.2424558209412829, 0.3738268038446831, 0.24344253536145052, 1.2642010304365725, 1.3919952590965796, 1.2320315610810846, 1.3748622904781582, 0.38608361637424377, 0.38725559379065333, 0.3937667775803391, 0.3983960484956962, 0.4586983255059331, 0.5176381813167678, 0.36438026608822893, 0.28682208905032824, 1.3037101895706305, 1.3947361018225266, 1.53639751458298, 1.5280718662891848, 1.3557804287970079, 1.2557694262788077, 1.5189163233800225, 1.50556855577166], [0.4264349251806327, 0.1210681005378451, 0.7434192056422857, 0.24409531903261372, 0.0, 0.9318905382948747, 0.9631628986867918, 0.4312734395696185, 0.4844083327390246, 0.22511203435402066, 0.2199511519576238, 1.0201891512402488, 1.1524485810543403, 1.070343373113484, 1.184743523971446, 0.5535697043198718, 0.5917799643800776, 0.629660863110919, 0.6423638047671837, 0.36887158828862116, 0.3715590724867577, 0.36281380397470936, 0.35996219801503065, 1.0608371520129312, 1.1508756253521786, 1.2982948661165323, 1.2863664085813524, 1.207200105540415, 1.1180021236292648, 1.3239740539429916, 1.3234126803619437], [0.5493660741880745, 0.8538629664391212, 0.29203661552025534, 1.170351157237813, 0.9318905382948747, 0.0, 0.4644675455159959, 1.3576439397815387, 1.398442985946626, 0.9521118532358126, 1.0049211974553667, 0.22492477061300034, 0.2225858619313778, 0.6873774699486912, 0.5767717646117199, 1.4581860671913676, 1.5156314329129026, 1.5243591756244506, 1.5607094074524903, 1.0553547387233302, 0.9479594319794461, 1.0314654354564265, 1.1255045274934912, 0.37192882747240685, 0.37081134549068295, 0.36640439675637504, 0.3676021956181435, 0.8267894043354977, 0.8320284504328788, 0.6385300167300161, 0.7156183824848895], [0.5453745442154636, 0.8493349866595744, 0.2906722201571754, 1.155776027489716, 0.9631628986867918, 0.4644675455159959, 0.0, 1.3810193901972119, 1.3388408134903378, 1.0828161066844584, 0.9300738536686426, 0.6884253705921963, 0.5767840772326226, 0.22350008129279555, 0.22162934385262956, 1.5150775402625656, 1.5402641179591965, 1.4280839760018447, 1.4953694417804313, 1.223077937846894, 1.141460925572407, 0.8873739584383841, 1.0002403195997065, 0.836386509409899, 0.8261800926824098, 0.6412958150995409, 0.7168867954923626, 0.369899280409676, 0.36777150172606005, 0.3631514177174977, 0.36500172073043646], [0.855314404981729, 0.5341130597581734, 1.173920862063421, 0.23381412640770077, 0.4312734395696185, 1.3576439397815387, 1.3810193901972119, 0.0, 0.24475423590804304, 0.45281526797442534, 0.47713604848320423, 1.4265859796948481, 1.5759637677008114, 1.4644023634065062, 1.601368371148573, 0.15750631727728492, 0.16074327985711429, 0.3830156072940913, 0.3199013347050576, 0.46042447252186547, 0.5586773292844712, 0.5903975836840081, 0.49824276707061504, 1.4467931291674034, 1.545758373214842, 1.7235214971595667, 1.7047832090105695, 1.5893618937915064, 1.4895828394660982, 1.7439328860415737, 1.7345655617243503], [0.8591727679309913, 0.5446983119833437, 1.1747778499218495, 0.2424558209412829, 0.4844083327390246, 1.398442985946626, 1.3388408134903378, 0.24475423590804304, 0.0, 0.6026779674311533, 0.4111800240212633, 1.5021269925724539, 1.6209036814793567, 1.3858102758518331, 1.552324429565412, 0.37721219164379, 0.3080926614007256, 0.1575845452917517, 0.16245887132138626, 0.6581409259411083, 0.7366361593713964, 0.46883796957870755, 0.35660705977565166, 1.5451948343464428, 1.6349346039246855, 1.7629308266805586, 1.7601236258595416, 1.4950094608503925, 1.3873668832303516, 1.69931910884388, 1.6738002574311839], [0.540052447473603, 0.3225526870008151, 0.8261538504704126, 0.3738268038446831, 0.22511203435402066, 0.9521118532358126, 1.0828161066844584, 0.45281526797442534, 0.6026779674311533, 0.0, 0.44286128477092707, 0.9905274866131878, 1.1611476182727727, 1.2210104085234368, 1.3019826764721312, 0.5173570732070567, 0.5940918796192849, 0.7596275937958944, 0.7402540151556467, 0.15376521621622696, 0.1509340528762662, 0.5876359520498997, 0.5749941643259271, 0.9988524979543831, 1.1010086663328158, 1.3110455058138981, 1.2793339609797256, 1.3665595684856082, 1.2872884752213796, 1.4320742960932875, 1.447816893878664], [0.45702942869823276, 0.1826941465807829, 0.7668369248799803, 0.24344253536145052, 0.2199511519576238, 1.0049211974553667, 0.9300738536686426, 0.47713604848320423, 0.4111800240212633, 0.44286128477092707, 0.0, 1.1317967725348939, 1.2271282054158494, 0.9927616091943583, 1.1459684158532977, 0.6289325500963596, 0.6275812768109355, 0.5213125133206661, 0.5713924034593929, 0.5784544214983898, 0.5911456485617562, 0.14781676025529084, 0.1491703747922418, 1.1958964226770585, 1.2743656235704783, 1.3650990541062136, 1.3711433623525493, 1.1136271764356496, 1.0126698068179212, 1.291997167077681, 1.2721053596921723], [0.6952983246442878, 0.963712434119652, 0.4989857214685087, 1.2642010304365725, 1.0201891512402488, 0.22492477061300034, 0.6884253705921963, 1.4265859796948481, 1.5021269925724539, 0.9905274866131878, 1.1317967725348939, 0.0, 0.23880767928437888, 0.9106017574819886, 0.7828683826427685, 1.5077214635245102, 1.578544245851509, 1.6392601787403114, 1.6619661629129328, 1.0663205985906363, 0.9515485656929467, 1.181626187269423, 1.264887186342579, 0.15122607543476863, 0.15527421504624686, 0.3702399951559279, 0.30145985071054304, 1.0469145152740278, 1.0561883033867359, 0.8226300073722764, 0.912461487411283], [0.7709255501828515, 1.0762579984364133, 0.49264712391754334, 1.3919952590965796, 1.1524485810543403, 0.2225858619313778, 0.5767840772326226, 1.5759637677008114, 1.6209036814793567, 1.1611476182727727, 1.2271282054158494, 0.23880767928437888, 0.0, 0.7832220645788185, 0.6100345959674366, 1.6722577924807704, 1.7330035698813664, 1.7468644882579278, 1.78312787034453, 1.254999011743626, 1.143856316847395, 1.2501202229070354, 1.3460823646041777, 0.3680109936143525, 0.299782100947534, 0.15013601754021938, 0.15255543884809245, 0.9002756482526277, 0.9324955479902727, 0.6194142793118713, 0.7210335696575401], [0.6842992887842868, 0.9504628118020154, 0.4943800025706577, 1.2320315610810846, 1.070343373113484, 0.6873774699486912, 0.22350008129279555, 1.4644023634065062, 1.3858102758518331, 1.2210104085234368, 0.9927616091943583, 0.9106017574819886, 0.7832220645788185, 0.0, 0.24146120505661192, 1.6085516048788382, 1.6190733037661391, 1.453564799556871, 1.53388953189906, 1.368762635496068, 1.298707758694216, 0.9182630429686123, 1.0322993391491166, 1.0592629465424352, 1.0454185090707402, 0.8265335094378712, 0.9143797658583762, 0.15554820781058826, 0.14927349288201816, 0.37270437572111575, 0.3038784603078501], [0.7662975093708173, 1.0705477624177364, 0.4909452246445663, 1.3748622904781582, 1.184743523971446, 0.5767717646117199, 0.22162934385262956, 1.601368371148573, 1.552324429565412, 1.3019826764721312, 1.1459684158532977, 0.7828683826427685, 0.6100345959674366, 0.24146120505661192, 0.0, 1.7363742219076537, 1.7602363673133692, 1.6354386633098361, 1.7069192491363172, 1.4402396158317523, 1.3553766333296173, 1.0942471213619867, 1.2081625257781634, 0.9339706761821495, 0.897665529268617, 0.6220813186181954, 0.7220234609853796, 0.3039696025668082, 0.37108393235806747, 0.14831107876203556, 0.15095999525162776], [0.9796531165938922, 0.6658428683590825, 1.2943790052055044, 0.38608361637424377, 0.5535697043198718, 1.4581860671913676, 1.5150775402625656, 0.15750631727728492, 0.37721219164379, 0.5173570732070567, 0.6289325500963596, 1.5077214635245102, 1.6722577924807704, 1.6085516048788382, 1.7363742219076537, 0.0, 0.11308592080123925, 0.4890789339645622, 0.39886313936455803, 0.47612974721820794, 0.5885742439819608, 0.7468231280547238, 0.6557461010892752, 1.5137168202778168, 1.6174140728277355, 1.821445429725693, 1.794552479972224, 1.7368683743563689, 1.63909008270942, 1.876827144846543, 1.8726497271520255], [1.0160499155103546, 0.6945569910673657, 1.334646059070436, 0.38725559379065333, 0.5917799643800776, 1.5156314329129026, 1.5402641179591965, 0.16074327985711429, 0.3080926614007256, 0.5940918796192849, 0.6275812768109355, 1.578544245851509, 1.7330035698813664, 1.6190733037661391, 1.7602363673133692, 0.11308592080123925, 0.0, 0.3955951067893608, 0.2962704463402749, 0.5728729563483135, 0.6813975146238176, 0.729150501602097, 0.6281639756251051, 1.5927876822845193, 1.693973623149075, 1.881065833967432, 1.8599762056537108, 1.7411801068189208, 1.639396728228175, 1.9033187386451043, 1.8922858743263784], [0.9780935335796548, 0.6759741944931684, 1.2869363516427328, 0.3937667775803391, 0.629660863110919, 1.5243591756244506, 1.4280839760018447, 0.3830156072940913, 0.1575845452917517, 0.7596275937958944, 0.5213125133206661, 1.6392601787403114, 1.7468644882579278, 1.453564799556871, 1.6354386633098361, 0.4890789339645622, 0.3955951067893608, 0.0, 0.11428263910240236, 0.8146949770735054, 0.8942198745424871, 0.5412821869877211, 0.42785636265934707, 1.688780222587543, 1.7755885117891799, 1.885993327562722, 1.889185291305737, 1.5513343073181853, 1.4397838590367005, 1.7835404336165341, 1.7491140044933364], [1.0214978887622905, 0.7068703576060272, 1.3365902693004355, 0.3983960484956962, 0.6423638047671837, 1.5607094074524903, 1.4953694417804313, 0.3199013347050576, 0.16245887132138626, 0.7402540151556467, 0.5713924034593929, 1.6619661629129328, 1.78312787034453, 1.53388953189906, 1.7069192491363172, 0.39886313936455803, 0.2962704463402749, 0.11428263910240236, 0.0, 0.7742986964908417, 0.8642101501600542, 0.6158844327994911, 0.5016596091939518, 1.701736639630193, 1.7931319237399181, 1.9253330816653584, 1.9219352697332854, 1.6376600493503757, 1.527832272387921, 1.8544223439161793, 1.8254579311371768], [0.6851942445196921, 0.4742010602173443, 0.9573957065670919, 0.4586983255059331, 0.36887158828862116, 1.0553547387233302, 1.223077937846894, 0.46042447252186547, 0.6581409259411083, 0.15376521621622696, 0.5784544214983898, 1.0663205985906363, 1.254999011743626, 1.368762635496068, 1.4402396158317523, 0.47612974721820794, 0.5728729563483135, 0.8146949770735054, 0.7742986964908417, 0.0, 0.11653790342611045, 0.7257822967417434, 0.6992507985473703, 1.054177623888844, 1.1619983076835625, 1.405021876911975, 1.3630248144787567, 1.5158474827462236, 1.4385593152345333, 1.5666490065051453, 1.5876975166273966], [0.61540684075525, 0.4561882412313587, 0.8675941719129324, 0.5176381813167678, 0.3715590724867577, 0.9479594319794461, 1.141460925572407, 0.5586773292844712, 0.7366361593713964, 0.1509340528762662, 0.5911456485617562, 0.9515485656929467, 1.143856316847395, 1.298707758694216, 1.3553766333296173, 0.5885742439819608, 0.6813975146238176, 0.8942198745424871, 0.8642101501600542, 0.11653790342611045, 0.0, 0.7340225437322506, 0.7255471141794555, 0.9376721925484578, 1.0456536831508418, 1.293664139660838, 1.2492517233507063, 1.4488536193426973, 1.377604607041409, 1.4774864704545225, 1.5043866142684588], [0.48721477200732094, 0.29669861391865016, 0.7686297450982471, 0.36438026608822893, 0.36281380397470936, 1.0314654354564265, 0.8873739584383841, 0.5903975836840081, 0.46883796957870755, 0.5876359520498997, 0.14781676025529084, 1.181626187269423, 1.2501202229070354, 0.9182630429686123, 1.0942471213619867, 0.7468231280547238, 0.729150501602097, 0.5412821869877211, 0.6158844327994911, 0.7257822967417434, 0.7340225437322506, 0.0, 0.11432819958460116, 1.260932435272609, 1.3302025917459157, 1.3805761134732988, 1.398832402519475, 1.0262654602085768, 0.9193209570882837, 1.2422999315165193, 1.2099582963938866], [0.5767303809934523, 0.3311941325965039, 0.8710401734389157, 0.28682208905032824, 0.35996219801503065, 1.1255045274934912, 1.0002403195997065, 0.49824276707061504, 0.35660705977565166, 0.5749941643259271, 0.1491703747922418, 1.264887186342579, 1.3460823646041777, 1.0322993391491166, 1.2081625257781634, 0.6557461010892752, 0.6281639756251051, 0.42785636265934707, 0.5016596091939518, 0.6992507985473703, 0.7255471141794555, 0.11432819958460116, 0.0, 1.3355854486537908, 1.4103948891255813, 1.479665551019312, 1.4930583300583138, 1.1387182003835208, 1.0307684798434529, 1.3561375938218285, 1.324285166773209], [0.7827965961791211, 1.0199867463283565, 0.6290585443501824, 1.3037101895706305, 1.0608371520129312, 0.37192882747240685, 0.836386509409899, 1.4467931291674034, 1.5451948343464428, 0.9988524979543831, 1.1958964226770585, 0.15122607543476863, 0.3680109936143525, 1.0592629465424352, 0.9339706761821495, 1.5137168202778168, 1.5927876822845193, 1.688780222587543, 1.701736639630193, 1.054177623888844, 0.9376721925484578, 1.260932435272609, 1.3355854486537908, 0.0, 0.11361796313261302, 0.4755380633897581, 0.38110353846622547, 1.1971526557522585, 1.2038432193592077, 0.9707025565285854, 1.0624919051764747], [0.8455834558993512, 1.1023457688844043, 0.6529127298915128, 1.3947361018225266, 1.1508756253521786, 0.37081134549068295, 0.8261800926824098, 1.545758373214842, 1.6349346039246855, 1.1010086663328158, 1.2743656235704783, 0.15527421504624686, 0.299782100947534, 1.0454185090707402, 0.897665529268617, 1.6174140728277355, 1.693973623149075, 1.7755885117891799, 1.7931319237399181, 1.1619983076835625, 1.0456536831508418, 1.3302025917459157, 1.4103948891255813, 0.11361796313261302, 0.0, 0.3829646757658109, 0.2792480659590884, 1.17539212716905, 1.1929978421549532, 0.9180417565206813, 1.016840473573845], [0.9080708946109786, 1.218866710692264, 0.61409494032396, 1.53639751458298, 1.2982948661165323, 0.36640439675637504, 0.6412958150995409, 1.7235214971595667, 1.7629308266805586, 1.3110455058138981, 1.3650990541062136, 0.3702399951559279, 0.15013601754021938, 0.8265335094378712, 0.6220813186181954, 1.821445429725693, 1.881065833967432, 1.885993327562722, 1.9253330816653584, 1.405021876911975, 1.293664139660838, 1.3805761134732988, 1.479665551019312, 0.4755380633897581, 0.3829646757658109, 0.0, 0.11579251368062357, 0.9244550923333638, 0.9737955866970742, 0.5951515546116204, 0.7072259898844242], [0.9166715344335962, 1.2156838447605278, 0.6449031609921541, 1.5280718662891848, 1.2863664085813524, 0.3676021956181435, 0.7168867954923626, 1.7047832090105695, 1.7601236258595416, 1.2793339609797256, 1.3711433623525493, 0.30145985071054304, 0.15255543884809245, 0.9143797658583762, 0.7220234609853796, 1.794552479972224, 1.8599762056537108, 1.889185291305737, 1.9219352697332854, 1.3630248144787567, 1.2492517233507063, 1.398832402519475, 1.4930583300583138, 0.38110353846622547, 0.2792480659590884, 0.11579251368062357, 0.0, 1.02117780457813, 1.06311380467007, 0.70555467784586, 0.8156478315201829], [0.8335201044484122, 1.0864338098477486, 0.6489415130245563, 1.3557804287970079, 1.207200105540415, 0.8267894043354977, 0.369899280409676, 1.5893618937915064, 1.4950094608503925, 1.3665595684856082, 1.1136271764356496, 1.0469145152740278, 0.9002756482526277, 0.15554820781058826, 0.3039696025668082, 1.7368683743563689, 1.7411801068189208, 1.5513343073181853, 1.6376600493503757, 1.5158474827462236, 1.4488536193426973, 1.0262654602085768, 1.1387182003835208, 1.1971526557522585, 1.17539212716905, 0.9244550923333638, 1.02117780457813, 0.0, 0.11638098342926441, 0.38947243824878747, 0.2852983616883066], [0.7637839209431153, 0.9969344942872882, 0.6195963043920152, 1.2557694262788077, 1.1180021236292648, 0.8320284504328788, 0.36777150172606005, 1.4895828394660982, 1.3873668832303516, 1.2872884752213796, 1.0126698068179212, 1.0561883033867359, 0.9324955479902727, 0.14927349288201816, 0.37108393235806747, 1.63909008270942, 1.639396728228175, 1.4397838590367005, 1.527832272387921, 1.4385593152345333, 1.377604607041409, 0.919320957088