{"name": "tree-2-3", "nodes": [{"index": 0, "id": "0", "x": 222.93462555156216, "y": 223.8387874731465}, {"index": 1, "id": "1", "x": 245.35205631592825, "y": 317.01410969635947}, {"index": 2, "id": "2", "x": 200.97869838935844, "y": 130.34548819627076}, {"index": 3, "id": "3", "x": 352.23975787347314, "y": 358.28617488296186}, {"index": 4, "id": "4", "x": 167.99131968205307, "y": 382.3403298279849}, {"index": 5, "id": "5", "x": 280.0956828324644, "y": 67.25738295479769}, {"index": 6, "id": "6", "x": 98.13799482197504, "y": 83.91881659668212}, {"index": 7, "id": "7", "x": 440.0, "y": 360.86707329166336}, {"index": 8, "id": "8", "x": 396.3759494719519, "y": 409.10783842570874}, {"index": 9, "id": "9", "x": 154.11821635522585, "y": 440.0}, {"index": 10, "id": "10", "x": 87.59470888755132, "y": 406.4945421383901}, {"index": 11, "id": "11", "x": 360.8239006405777, "y": 45.5218425751269}, {"index": 12, "id": "12", "x": 296.2659584435936, "y": 10.0}, {"index": 13, "id": "13", "x": 10.0, "y": 76.24009356028796}, {"index": 14, "id": "14", "x": 58.94972822641145, "y": 31.55433881768414}], "edges": [{"source": "0", "target": "1"}, {"source": "0", "target": "2"}, {"source": "1", "target": "3"}, {"source": "1", "target": "4"}, {"source": "2", "target": "5"}, {"source": "2", "target": "6"}, {"source": "3", "target": "7"}, {"source": "3", "target": "8"}, {"source": "4", "target": "9"}, {"source": "4", "target": "10"}, {"source": "5", "target": "11"}, {"source": "5", "target": "12"}, {"source": "6", "target": "13"}, {"source": "6", "target": "14"}], "weight": [[1.0, 1.0, 1.0, 0.25, 0.25, 0.25, 0.25, 0.1111111119389534, 0.1111111119389534, 0.1111111119389534, 0.1111111119389534, 0.1111111119389534, 0.1111111119389534, 0.1111111119389534, 0.1111111119389534], [1.0, 1.0, 0.25, 1.0, 1.0, 0.1111111119389534, 0.1111111119389534, 0.25, 0.25, 0.25, 0.25, 0.0625, 0.0625, 0.0625, 0.0625], [1.0, 0.25, 1.0, 0.1111111119389534, 0.1111111119389534, 1.0, 1.0, 0.0625, 0.0625, 0.0625, 0.0625, 0.25, 0.25, 0.25, 0.25], [0.25, 1.0, 0.1111111119389534, 1.0, 0.25, 0.0625, 0.0625, 1.0, 1.0, 0.1111111119389534, 0.1111111119389534, 0.03999999910593033, 0.03999999910593033, 0.03999999910593033, 0.03999999910593033], [0.25, 1.0, 0.1111111119389534, 0.25, 1.0, 0.0625, 0.0625, 0.1111111119389534, 0.1111111119389534, 1.0, 1.0, 0.03999999910593033, 0.03999999910593033, 0.03999999910593033, 0.03999999910593033], [0.25, 0.1111111119389534, 1.0, 0.0625, 0.0625, 1.0, 0.25, 0.03999999910593033, 0.03999999910593033, 0.03999999910593033, 0.03999999910593033, 1.0, 1.0, 0.1111111119389534, 0.1111111119389534], [0.25, 0.1111111119389534, 1.0, 0.0625, 0.0625, 0.25, 1.0, 0.03999999910593033, 0.03999999910593033, 0.03999999910593033, 0.03999999910593033, 0.1111111119389534, 0.1111111119389534, 1.0, 1.0], [0.1111111119389534, 0.25, 0.0625, 1.0, 0.1111111119389534, 0.03999999910593033, 0.03999999910593033, 1.0, 0.25, 0.0625, 0.0625, 0.02777777798473835, 0.02777777798473835, 0.02777777798473835, 0.02777777798473835], [0.1111111119389534, 0.25, 0.0625, 1.0, 0.1111111119389534, 0.03999999910593033, 0.03999999910593033, 0.25, 1.0, 0.0625, 0.0625, 0.02777777798473835, 0.02777777798473835, 0.02777777798473835, 0.02777777798473835], [0.1111111119389534, 0.25, 0.0625, 0.1111111119389534, 1.0, 0.03999999910593033, 0.03999999910593033, 0.0625, 0.0625, 1.0, 0.25, 0.02777777798473835, 0.02777777798473835, 0.02777777798473835, 0.02777777798473835], [0.1111111119389534, 0.25, 0.0625, 0.1111111119389534, 1.0, 0.03999999910593033, 0.03999999910593033, 0.0625, 0.0625, 0.25, 1.0, 0.02777777798473835, 0.02777777798473835, 0.02777777798473835, 0.02777777798473835], [0.1111111119389534, 0.0625, 0.25, 0.03999999910593033, 0.03999999910593033, 1.0, 0.1111111119389534, 0.02777777798473835, 0.02777777798473835, 0.02777777798473835, 0.02777777798473835, 1.0, 0.25, 0.0625, 0.0625], [0.1111111119389534, 0.0625, 0.25, 0.03999999910593033, 0.03999999910593033, 1.0, 0.1111111119389534, 0.02777777798473835, 0.02777777798473835, 0.02777777798473835, 0.02777777798473835, 0.25, 1.0, 0.0625, 0.0625], [0.1111111119389534, 0.0625, 0.25, 0.03999999910593033, 0.03999999910593033, 0.1111111119389534, 1.0, 0.02777777798473835, 0.02777777798473835, 0.02777777798473835, 0.02777777798473835, 0.0625, 0.0625, 1.0, 0.25], [0.1111111119389534, 0.0625, 0.25, 0.03999999910593033, 0.03999999910593033, 0.1111111119389534, 1.0, 0.02777777798473835, 0.02777777798473835, 0.02777777798473835, 0.02777777798473835, 0.0625, 0.0625, 0.25, 1.0]], "shortestPath": [[0.0, 1.0, 1.0, 2.0, 2.0, 2.0, 2.0, 3.0, 3.0, 3.0, 3.0, 3.0, 3.0, 3.0, 3.0], [1.0, 0.0, 2.0, 1.0, 1.0, 3.0, 3.0, 2.0, 2.0, 2.0, 2.0, 4.0, 4.0, 4.0, 4.0], [1.0, 2.0, 0.0, 3.0, 3.0, 1.0, 1.0, 4.0, 4.0, 4.0, 4.0, 2.0, 2.0, 2.0, 2.0], [2.0, 1.0, 3.0, 0.0, 2.0, 4.0, 4.0, 1.0, 1.0, 3.0, 3.0, 5.0, 5.0, 5.0, 5.0], [2.0, 1.0, 3.0, 2.0, 0.0, 4.0, 4.0, 3.0, 3.0, 1.0, 1.0, 5.0, 5.0, 5.0, 5.0], [2.0, 3.0, 1.0, 4.0, 4.0, 0.0, 2.0, 5.0, 5.0, 5.0, 5.0, 1.0, 1.0, 3.0, 3.0], [2.0, 3.0, 1.0, 4.0, 4.0, 2.0, 0.0, 5.0, 5.0, 5.0, 5.0, 3.0, 3.0, 1.0, 1.0], [3.0, 2.0, 4.0, 1.0, 3.0, 5.0, 5.0, 0.0, 2.0, 4.0, 4.0, 6.0, 6.0, 6.0, 6.0], [3.0, 2.0, 4.0, 1.0, 3.0, 5.0, 5.0, 2.0, 0.0, 4.0, 4.0, 6.0, 6.0, 6.0, 6.0], [3.0, 2.0, 4.0, 3.0, 1.0, 5.0, 5.0, 4.0, 4.0, 0.0, 2.0, 6.0, 6.0, 6.0, 6.0], [3.0, 2.0, 4.0, 3.0, 1.0, 5.0, 5.0, 4.0, 4.0, 2.0, 0.0, 6.0, 6.0, 6.0, 6.0], [3.0, 4.0, 2.0, 5.0, 5.0, 1.0, 3.0, 6.0, 6.0, 6.0, 6.0, 0.0, 2.0, 4.0, 4.0], [3.0, 4.0, 2.0, 5.0, 5.0, 1.0, 3.0, 6.0, 6.0, 6.0, 6.0, 2.0, 0.0, 4.0, 4.0], [3.0, 4.0, 2.0, 5.0, 5.0, 3.0, 1.0, 6.0, 6.0, 6.0, 6.0, 4.0, 4.0, 0.0, 2.0], [3.0, 4.0, 2.0, 5.0, 5.0, 3.0, 1.0, 6.0, 6.0, 6.0, 6.0, 4.0, 4.0, 2.0, 0.0]], "euclideanDistance": [[0.0, 0.43439161026461476, 0.43562396955836113, 0.7319323132136905, 0.7485337214576054, 0.7414431219991834, 0.7464096976890695, 0.9097312830380901, 1.0010448212774536, 1.0169045135613584, 0.9351362907198815, 0.9206589389774971, 1.009338860154346, 0.9355367193533232, 1.0144866750114372], [0.43439161026461476, 0.0, 0.8700141047862655, 0.37449391270861476, 0.38084728462484335, 1.154943068548458, 1.1618022536916506, 0.6213477871906923, 0.622678338069928, 0.6297873435807189, 0.6297726369629092, 1.2979532054105485, 1.422180247378439, 1.316907685142847, 1.4299646807113842], [0.43562396955836113, 0.8700141047862655, 0.0, 1.1447244437034658, 1.1647424645683557, 0.3761036899446655, 0.37695804932300525, 1.2836025281283039, 1.4127835093761851, 1.4330094328259855, 1.3169709323444188, 0.6208403133778718, 0.6244170335102882, 0.6280739325156277, 0.6251542340725021], [0.7319323132136905, 0.37449391270861476, 1.1447244437034658, 0.0, 0.5671418456285557, 1.3578158720971953, 1.4781354140516947, 0.26520157641855135, 0.2693116255551216, 0.7066320183997471, 0.8291965246046019, 1.4405640627970673, 1.6127913561059577, 1.6596689934338882, 1.745827526629683], [0.7485337214576054, 0.38084728462484335, 1.1647424645683557, 0.5671418456285557, 0.0, 1.489952434178926, 1.390364823715553, 0.8270865992313546, 0.7003921635763569, 0.2688147410676769, 0.26698115607298356, 1.6567447472419048, 1.7578714286214607, 1.4881442181827267, 1.648624831289145], [0.7414431219991834, 1.154943068548458, 0.3761036899446655, 1.3578158720971953, 1.489952434178926, 0.0, 0.5546361546641149, 1.4357075106707458, 1.6129392777859959, 1.7581654735187913, 1.6668282118033226, 0.2634615705757974, 0.2681602354646134, 0.8164273304192721, 0.6875551861127062], [0.7464096976890695, 1.1618022536916506, 0.37695804932300525, 1.4781354140516947, 1.390364823715553, 0.5546361546641149, 0.0, 1.6406437457818466, 1.74735714145772, 1.6484973525960434, 1.4858549716361744, 0.8124845598901675, 0.6882033984191774, 0.26841501571562226, 0.2686030549968883], [0.9097312830380901, 0.6213477871906923, 1.2836025281283039, 0.26520157641855135, 0.8270865992313546, 1.4357075106707458, 1.6406437457818466, 0.0, 0.25825764283340163, 0.9368194279760307, 1.0844111182357867, 1.4717552437253603, 1.6730481215925772, 1.8447641651262248, 1.9034597872178214], [1.0010448212774536, 0.622678338069928, 1.4127835093761851, 0.2693116255551216, 0.7003921635763569, 1.6129392777859959, 1.74735714145772, 0.25825764283340163, 0.0, 0.7450484184023093, 0.9322422903619091, 1.6778092925693568, 1.862638164439981, 1.9262217538045658, 2.015115179801429], [1.0169045135613584, 0.6297873435807189, 1.4330094328259855, 0.7066320183997471, 0.2688147410676769, 1.7581654735187913, 1.6484973525960434, 0.9368194279760307, 0.7450484184023093, 0.0, 0.2532556350202927, 1.9208230718857777, 2.0261834291975234, 1.7307497936317895, 1.902773844840909], [0.9351362907198815, 0.6297726369629092, 1.3169709323444188, 0.8291965246046019, 0.26698115607298356, 1.6668282118033226, 1.4858549716361744, 1.0844111182357867, 0.9322422903619091, 0.2532556350202927, 0.0, 1.8557281752103736, 1.9315346152831832, 1.538809547084159, 1.7288250947847361], [0.9206589389774971, 1.2979532054105485, 0.6208403133778718, 1.4405640627970673, 1.6567447472419048, 0.2634615705757974, 0.8124845598901675, 1.4717552437253603, 1.6778092925693568, 1.9208230718857777, 1.8557281752103736, 0.0, 0.2544447365317581, 1.068490989606224, 0.9135803983514111], [1.009338860154346, 1.422180247378439, 0.6244170335102882, 1.6127913561059577, 1.7578714286214607, 0.2681602354646134, 0.6882033984191774, 1.6730481215925772, 1.862638164439981, 2.0261834291975234, 1.9315346152831832, 0.2544447365317581, 0.0, 0.9164524963514307, 0.7232660787598647], [0.9355367193533232, 1.316907685142847, 0.6280739325156277, 1.6596689934338882, 1.4881442181827267, 0.8164273304192721, 0.26841501571562226, 1.8447641651262248, 1.9262217538045658, 1.7307497936317895, 1.538809547084159, 1.068490989606224, 0.9164524963514307, 0.0, 0.25334581688425883], [1.0144866750114372, 1.4299646807113842, 0.6251542340725021, 1.745827526629683, 1.648624831289145, 0.6875551861127062, 0.2686030549968883, 1.9034597872178214, 2.015115179801429, 1.902773844840909, 1.7288250947847361, 0.9135803983514111, 0.7232660787598647, 0.25334581688425883, 0.0]]}