{"name": "bipartite-graph-3-3_random", "nodes": [{"index": 0, "id": "0", "x": 221.466581629427, "y": 243.18309330125982}, {"index": 1, "id": "1", "x": 102.65932513669574, "y": 289.30892801205874}, {"index": 2, "id": "2", "x": 44.16039317500679, "y": 37.98863260150728}, {"index": 3, "id": "3", "x": 10.0, "y": 418.04959822580605}, {"index": 4, "id": "4", "x": 440.0, "y": 10.0}, {"index": 5, "id": "5", "x": 30.947868379717704, "y": 440.00000000000006}], "edges": [{"source": "0", "target": "3"}, {"source": "0", "target": "4"}, {"source": "0", "target": "5"}, {"source": "1", "target": "3"}, {"source": "1", "target": "4"}, {"source": "1", "target": "5"}, {"source": "2", "target": "3"}, {"source": "2", "target": "4"}, {"source": "2", "target": "5"}], "weight": [[1.0, 0.25, 0.25, 1.0, 1.0, 1.0], [0.25, 1.0, 0.25, 1.0, 1.0, 1.0], [0.25, 0.25, 1.0, 1.0, 1.0, 1.0], [1.0, 1.0, 1.0, 1.0, 0.25, 0.25], [1.0, 1.0, 1.0, 0.25, 1.0, 0.25], [1.0, 1.0, 1.0, 0.25, 0.25, 1.0]], "shortestPath": [[0.0, 2.0, 2.0, 1.0, 1.0, 1.0], [2.0, 0.0, 2.0, 1.0, 1.0, 1.0], [2.0, 2.0, 0.0, 1.0, 1.0, 1.0], [1.0, 1.0, 1.0, 0.0, 2.0, 2.0], [1.0, 1.0, 1.0, 2.0, 0.0, 2.0], [1.0, 1.0, 1.0, 2.0, 2.0, 0.0]], "euclideanDistance": [[0.0, 90.56412784938387, 176.22876809136633, 184.77881268448093, 209.51565000333514, 180.21393480596828], [90.56412784938387, 0.0, 153.06958598831352, 101.08797329962806, 294.8819931989279, 102.44525131146914], [176.22876809136633, 153.06958598831352, 0.0, 223.7350638919462, 288.49837031143437, 235.3882151790448], [184.77881268448093, 101.08797329962806, 223.7350638919462, 0.0, 393.5601544763546, 19.931220296312073], [209.51565000333514, 294.8819931989279, 288.49837031143437, 393.5601544763546, 0.0, 389.7172605143258], [180.21393480596828, 102.44525131146914, 235.3882151790448, 19.931220296312073, 389.7172605143258, 0.0]]}