{"name": "bipartite-graph-3-3_random", "nodes": [{"index": 0, "id": "0", "x": 416.6595123854805, "y": 123.64870208432208}, {"index": 1, "id": "1", "x": 176.6877373598597, "y": 288.52966377047073}, {"index": 2, "id": "2", "x": 440.0, "y": 285.76347901557483}, {"index": 3, "id": "3", "x": 173.29101735775092, "y": 440.0}, {"index": 4, "id": "4", "x": 10.0, "y": 10.0}, {"index": 5, "id": "5", "x": 256.9402578784184, "y": 142.90106586798575}], "edges": [{"source": "0", "target": "3"}, {"source": "0", "target": "4"}, {"source": "0", "target": "5"}, {"source": "1", "target": "3"}, {"source": "1", "target": "4"}, {"source": "1", "target": "5"}, {"source": "2", "target": "3"}, {"source": "2", "target": "4"}, {"source": "2", "target": "5"}], "weight": [[1.0, 0.25, 0.25, 1.0, 1.0, 1.0], [0.25, 1.0, 0.25, 1.0, 1.0, 1.0], [0.25, 0.25, 1.0, 1.0, 1.0, 1.0], [1.0, 1.0, 1.0, 1.0, 0.25, 0.25], [1.0, 1.0, 1.0, 0.25, 1.0, 0.25], [1.0, 1.0, 1.0, 0.25, 0.25, 1.0]], "shortestPath": [[0.0, 2.0, 2.0, 1.0, 1.0, 1.0], [2.0, 0.0, 2.0, 1.0, 1.0, 1.0], [2.0, 2.0, 0.0, 1.0, 1.0, 1.0], [1.0, 1.0, 1.0, 0.0, 2.0, 2.0], [1.0, 1.0, 1.0, 2.0, 0.0, 2.0], [1.0, 1.0, 1.0, 2.0, 2.0, 0.0]], "euclideanDistance": [[0.0, 212.85908104441182, 116.94923468075129, 288.6429426622336, 311.36098736157686, 118.86628499715175], [212.85908104441182, 0.0, 194.65936014666065, 108.10376477340583, 233.83289669153586, 119.64974641149216], [116.94923468075129, 194.65936014666065, 0.0, 225.79375079289233, 373.8388529727062, 169.41923102796125], [288.6429426622336, 108.10376477340583, 225.79375079289233, 0.0, 329.6986050174335, 220.81603392467972], [311.36098736157686, 233.83289669153586, 373.8388529727062, 329.6986050174335, 0.0, 205.70638091053908], [118.86628499715175, 119.64974641149216, 169.41923102796125, 220.81603392467972, 205.70638091053908, 0.0]]}