{"name": "bipartite-graph-3-3_random", "nodes": [{"index": 0, "id": "0", "x": 390.91067329144875, "y": 246.6935242878035}, {"index": 1, "id": "1", "x": 334.9137390741011, "y": 96.0354106695502}, {"index": 2, "id": "2", "x": 440.0, "y": 10.0}, {"index": 3, "id": "3", "x": 65.58517773301374, "y": 60.718273936161516}, {"index": 4, "id": "4", "x": 10.0, "y": 218.71442955917993}, {"index": 5, "id": "5", "x": 190.873270381436, "y": 440.00000000000006}], "edges": [{"source": "0", "target": "3"}, {"source": "0", "target": "4"}, {"source": "0", "target": "5"}, {"source": "1", "target": "3"}, {"source": "1", "target": "4"}, {"source": "1", "target": "5"}, {"source": "2", "target": "3"}, {"source": "2", "target": "4"}, {"source": "2", "target": "5"}], "weight": [[1.0, 0.25, 0.25, 1.0, 1.0, 1.0], [0.25, 1.0, 0.25, 1.0, 1.0, 1.0], [0.25, 0.25, 1.0, 1.0, 1.0, 1.0], [1.0, 1.0, 1.0, 1.0, 0.25, 0.25], [1.0, 1.0, 1.0, 0.25, 1.0, 0.25], [1.0, 1.0, 1.0, 0.25, 0.25, 1.0]], "shortestPath": [[0.0, 2.0, 2.0, 1.0, 1.0, 1.0], [2.0, 0.0, 2.0, 1.0, 1.0, 1.0], [2.0, 2.0, 0.0, 1.0, 1.0, 1.0], [1.0, 1.0, 1.0, 0.0, 2.0, 2.0], [1.0, 1.0, 1.0, 2.0, 0.0, 2.0], [1.0, 1.0, 1.0, 2.0, 2.0, 0.0]], "euclideanDistance": [[0.0, 121.11643178407344, 177.349308548102, 335.4100772946565, 360.32832127123515, 235.03076922643197], [121.11643178407344, 0.0, 117.1428021766031, 255.65259835845572, 319.44086039376725, 283.5317902942807], [177.349308548102, 117.1428021766031, 0.0, 355.52184248781487, 433.2677919715044, 389.967584082061], [335.4100772946565, 255.65259835845572, 355.52184248781487, 0.0, 125.74923065812594, 298.73947491343614], [360.32832127123515, 319.44086039376725, 433.2677919715044, 125.74923065812594, 0.0, 234.08360258475997], [235.03076922643197, 283.5317902942807, 389.967584082061, 298.73947491343614, 234.08360258475997, 0.0]]}