{"name": "bipartite-graph-5-5_random", "nodes": [{"index": 0, "id": "0", "x": 62.51039987897724, "y": 10.0}, {"index": 1, "id": "1", "x": 115.78714704849901, "y": 310.43314638914023}, {"index": 2, "id": "2", "x": 221.08534881811144, "y": 349.47049882084696}, {"index": 3, "id": "3", "x": 225.7121212397005, "y": 440.0}, {"index": 4, "id": "4", "x": 10.0, "y": 30.79903172719063}, {"index": 5, "id": "5", "x": 369.67047319154676, "y": 209.26468025488657}, {"index": 6, "id": "6", "x": 12.41312824639968, "y": 277.1921393479594}, {"index": 7, "id": "7", "x": 321.1331868911026, "y": 252.09739312958104}, {"index": 8, "id": "8", "x": 440.0, "y": 326.01942271406534}, {"index": 9, "id": "9", "x": 47.08297541540415, "y": 358.16477883620905}], "edges": [{"source": "0", "target": "5"}, {"source": "0", "target": "6"}, {"source": "0", "target": "7"}, {"source": "0", "target": "8"}, {"source": "0", "target": "9"}, {"source": "1", "target": "5"}, {"source": "1", "target": "6"}, {"source": "1", "target": "7"}, {"source": "1", "target": "8"}, {"source": "1", "target": "9"}, {"source": "2", "target": "5"}, {"source": "2", "target": "6"}, {"source": "2", "target": "7"}, {"source": "2", "target": "8"}, {"source": "2", "target": "9"}, {"source": "3", "target": "5"}, {"source": "3", "target": "6"}, {"source": "3", "target": "7"}, {"source": "3", "target": "8"}, {"source": "3", "target": "9"}, {"source": "4", "target": "5"}, {"source": "4", "target": "6"}, {"source": "4", "target": "7"}, {"source": "4", "target": "8"}, {"source": "4", "target": "9"}], "weight": [[1.0, 0.25, 0.25, 0.25, 0.25, 1.0, 1.0, 1.0, 1.0, 1.0], [0.25, 1.0, 0.25, 0.25, 0.25, 1.0, 1.0, 1.0, 1.0, 1.0], [0.25, 0.25, 1.0, 0.25, 0.25, 1.0, 1.0, 1.0, 1.0, 1.0], [0.25, 0.25, 0.25, 1.0, 0.25, 1.0, 1.0, 1.0, 1.0, 1.0], [0.25, 0.25, 0.25, 0.25, 1.0, 1.0, 1.0, 1.0, 1.0, 1.0], [1.0, 1.0, 1.0, 1.0, 1.0, 1.0, 0.25, 0.25, 0.25, 0.25], [1.0, 1.0, 1.0, 1.0, 1.0, 0.25, 1.0, 0.25, 0.25, 0.25], [1.0, 1.0, 1.0, 1.0, 1.0, 0.25, 0.25, 1.0, 0.25, 0.25], [1.0, 1.0, 1.0, 1.0, 1.0, 0.25, 0.25, 0.25, 1.0, 0.25], [1.0, 1.0, 1.0, 1.0, 1.0, 0.25, 0.25, 0.25, 0.25, 1.0]], "shortestPath": [[0.0, 2.0, 2.0, 2.0, 2.0, 1.0, 1.0, 1.0, 1.0, 1.0], [2.0, 0.0, 2.0, 2.0, 2.0, 1.0, 1.0, 1.0, 1.0, 1.0], [2.0, 2.0, 0.0, 2.0, 2.0, 1.0, 1.0, 1.0, 1.0, 1.0], [2.0, 2.0, 2.0, 0.0, 2.0, 1.0, 1.0, 1.0, 1.0, 1.0], [2.0, 2.0, 2.0, 2.0, 0.0, 1.0, 1.0, 1.0, 1.0, 1.0], [1.0, 1.0, 1.0, 1.0, 1.0, 0.0, 2.0, 2.0, 2.0, 2.0], [1.0, 1.0, 1.0, 1.0, 1.0, 2.0, 0.0, 2.0, 2.0, 2.0], [1.0, 1.0, 1.0, 1.0, 1.0, 2.0, 2.0, 0.0, 2.0, 2.0], [1.0, 1.0, 1.0, 1.0, 1.0, 2.0, 2.0, 2.0, 0.0, 2.0], [1.0, 1.0, 1.0, 1.0, 1.0, 2.0, 2.0, 2.0, 2.0, 0.0]], "euclideanDistance": [[0.0, 277.12797850199803, 335.49200652868166, 413.9489443021829, 47.08102508657821, 310.6579844745606, 246.82703540370628, 306.0910773980991, 422.9239422301714, 317.38607771430753], [277.12797850199803, 0.0, 93.4584503126872, 148.5578230803717, 269.1044497225131, 227.8557747901353, 90.09087861072027, 176.7274497882174, 266.4955219373918, 71.20716098835427], [335.49200652868166, 93.4584503126872, 0.0, 82.54814466379867, 338.0462906862988, 176.58987560859, 183.4974842253505, 120.87360653816994, 180.95251338251595, 143.0422468185803], [413.9489443021829, 148.5578230803717, 82.54814466379867, 0.0, 412.64637237977934, 241.10968649541127, 229.4434222166134, 188.22459437395557, 204.24515973867855, 164.48101056386002], [47.08102508657821, 269.1044497225131, 338.0462906862988, 412.64637237977934, 0.0, 337.0177824470116, 224.44119316055196, 325.3486859487647, 443.7159758110534, 299.73760398405636], [310.6579844745606, 227.8557747901353, 176.58987560859, 241.10968649541127, 337.0177824470116, 0.0, 299.6968203828978, 55.761938954417786, 121.00596169498982, 297.49825799080276], [246.82703540370628, 90.09087861072027, 183.4974842253505, 229.4434222166134, 224.44119316055196, 299.6968203828978, 0.0, 254.42932541979843, 353.7742850000119, 79.05516608639583], [306.0910773980991, 176.7274497882174, 120.87360653816994, 188.22459437395557, 325.3486859487647, 55.761938954417786, 254.42932541979843, 0.0, 118.5458748086365, 244.81343299646247], [422.9239422301714, 266.4955219373918, 180.95251338251595, 204.24515973867855, 443.7159758110534, 121.00596169498982, 353.7742850000119, 118.5458748086365, 0.0, 323.83658073832845], [317.38607771430753, 71.20716098835427, 143.0422468185803, 164.48101056386002, 299.73760398405636, 297.49825799080276, 79.05516608639583, 244.81343299646247, 323.83658073832845, 0.0]]}