{"name": "bipartite-graph-5-5_random", "nodes": [{"index": 0, "id": "0", "x": 40.14533774042755, "y": 91.37196685467211}, {"index": 1, "id": "1", "x": 440.0000000000001, "y": 10.0}, {"index": 2, "id": "2", "x": 77.03924191501102, "y": 440.0}, {"index": 3, "id": "3", "x": 397.13727739981755, "y": 223.43449256207094}, {"index": 4, "id": "4", "x": 42.527379285372206, "y": 404.7393556663707}, {"index": 5, "id": "5", "x": 438.2576988401378, "y": 148.56976450764117}, {"index": 6, "id": "6", "x": 126.5108815807923, "y": 175.87387654910378}, {"index": 7, "id": "7", "x": 394.1375525793178, "y": 271.54752246834767}, {"index": 8, "id": "8", "x": 10.0, "y": 323.4478074289982}, {"index": 9, "id": "9", "x": 427.036955682132, "y": 377.0189802707959}], "edges": [{"source": "0", "target": "5"}, {"source": "0", "target": "6"}, {"source": "0", "target": "7"}, {"source": "0", "target": "8"}, {"source": "0", "target": "9"}, {"source": "1", "target": "5"}, {"source": "1", "target": "6"}, {"source": "1", "target": "7"}, {"source": "1", "target": "8"}, {"source": "1", "target": "9"}, {"source": "2", "target": "5"}, {"source": "2", "target": "6"}, {"source": "2", "target": "7"}, {"source": "2", "target": "8"}, {"source": "2", "target": "9"}, {"source": "3", "target": "5"}, {"source": "3", "target": "6"}, {"source": "3", "target": "7"}, {"source": "3", "target": "8"}, {"source": "3", "target": "9"}, {"source": "4", "target": "5"}, {"source": "4", "target": "6"}, {"source": "4", "target": "7"}, {"source": "4", "target": "8"}, {"source": "4", "target": "9"}], "weight": [[1.0, 0.25, 0.25, 0.25, 0.25, 1.0, 1.0, 1.0, 1.0, 1.0], [0.25, 1.0, 0.25, 0.25, 0.25, 1.0, 1.0, 1.0, 1.0, 1.0], [0.25, 0.25, 1.0, 0.25, 0.25, 1.0, 1.0, 1.0, 1.0, 1.0], [0.25, 0.25, 0.25, 1.0, 0.25, 1.0, 1.0, 1.0, 1.0, 1.0], [0.25, 0.25, 0.25, 0.25, 1.0, 1.0, 1.0, 1.0, 1.0, 1.0], [1.0, 1.0, 1.0, 1.0, 1.0, 1.0, 0.25, 0.25, 0.25, 0.25], [1.0, 1.0, 1.0, 1.0, 1.0, 0.25, 1.0, 0.25, 0.25, 0.25], [1.0, 1.0, 1.0, 1.0, 1.0, 0.25, 0.25, 1.0, 0.25, 0.25], [1.0, 1.0, 1.0, 1.0, 1.0, 0.25, 0.25, 0.25, 1.0, 0.25], [1.0, 1.0, 1.0, 1.0, 1.0, 0.25, 0.25, 0.25, 0.25, 1.0]], "shortestPath": [[0.0, 2.0, 2.0, 2.0, 2.0, 1.0, 1.0, 1.0, 1.0, 1.0], [2.0, 0.0, 2.0, 2.0, 2.0, 1.0, 1.0, 1.0, 1.0, 1.0], [2.0, 2.0, 0.0, 2.0, 2.0, 1.0, 1.0, 1.0, 1.0, 1.0], [2.0, 2.0, 2.0, 0.0, 2.0, 1.0, 1.0, 1.0, 1.0, 1.0], [2.0, 2.0, 2.0, 2.0, 0.0, 1.0, 1.0, 1.0, 1.0, 1.0], [1.0, 1.0, 1.0, 1.0, 1.0, 0.0, 2.0, 2.0, 2.0, 2.0], [1.0, 1.0, 1.0, 1.0, 1.0, 2.0, 0.0, 2.0, 2.0, 2.0], [1.0, 1.0, 1.0, 1.0, 1.0, 2.0, 2.0, 0.0, 2.0, 2.0], [1.0, 1.0, 1.0, 1.0, 1.0, 2.0, 2.0, 2.0, 0.0, 2.0], [1.0, 1.0, 1.0, 1.0, 1.0, 2.0, 2.0, 2.0, 2.0, 0.0]], "euclideanDistance": [[0.0, 303.54178758010625, 237.18261414423498, 281.0629660414067, 211.7587014449875, 299.7217962503138, 86.12704027042564, 290.9762278817562, 158.42691793392603, 347.39958327714265], [303.54178758010625, 0.0, 397.3097463816316, 147.73115061296474, 399.00380891908526, 93.64455504544517, 259.49733368042945, 180.0212162173991, 384.60253386078216, 248.19389220867797], [237.18261414423498, 397.3097463816316, 0.0, 280.222745200734, 35.09376473022024, 333.92412162762196, 182.25902360720505, 262.68046780368263, 93.31518535006136, 264.741355715953], [281.0629660414067, 147.73115061296474, 280.222745200734, 0.0, 291.714790387663, 59.174462410560146, 204.5820067666046, 32.5883809307237, 296.82169353889896, 106.15488966355335], [211.7587014449875, 399.00380891908526, 35.09376473022024, 291.714790387663, 0.0, 342.4168953367362, 166.8776497638129, 277.50247965606036, 60.0593752467785, 287.67434266275427], [299.7217962503138, 93.64455504544517, 333.92412162762196, 59.174462410560146, 342.4168953367362, 0.0, 233.47142181012723, 89.38961909311628, 340.8639190371368, 154.59674564135233], [86.12704027042564, 259.49733368042945, 182.25902360720505, 204.5820067666046, 166.8776497638129, 233.47142181012723, 0.0, 210.0013172460669, 132.3261872864992, 262.3230492233607], [290.9762278817562, 180.0212162173991, 262.68046780368263, 32.5883809307237, 277.50247965606036, 89.38961909311628, 210.0013172460669, 0.0, 288.9225114032276, 75.38368949153414], [158.42691793392603, 384.60253386078216, 93.31518535006136, 296.82169353889896, 60.0593752467785, 340.8639190371368, 132.3261872864992, 288.9225114032276, 0.0, 313.4452205428303], [347.39958327714265, 248.19389220867797, 264.741355715953, 106.15488966355335, 287.67434266275427, 154.59674564135233, 262.3230492233607, 75.38368949153414, 313.4452205428303, 0.0]]}