{"name": "bipartite-graph-3-3_random", "nodes": [{"index": 0, "id": "0", "x": 28.654014756491335, "y": 440.0}, {"index": 1, "id": "1", "x": 87.39269009961968, "y": 371.5042894364657}, {"index": 2, "id": "2", "x": 440.0, "y": 202.40870417712063}, {"index": 3, "id": "3", "x": 125.61448555192858, "y": 282.8698673016071}, {"index": 4, "id": "4", "x": 10.0, "y": 168.9678882596051}, {"index": 5, "id": "5", "x": 276.56102790892874, "y": 10.0}], "edges": [{"source": "0", "target": "3"}, {"source": "0", "target": "4"}, {"source": "0", "target": "5"}, {"source": "1", "target": "3"}, {"source": "1", "target": "4"}, {"source": "1", "target": "5"}, {"source": "2", "target": "3"}, {"source": "2", "target": "4"}, {"source": "2", "target": "5"}], "weight": [[1.0, 0.25, 0.25, 1.0, 1.0, 1.0], [0.25, 1.0, 0.25, 1.0, 1.0, 1.0], [0.25, 0.25, 1.0, 1.0, 1.0, 1.0], [1.0, 1.0, 1.0, 1.0, 0.25, 0.25], [1.0, 1.0, 1.0, 0.25, 1.0, 0.25], [1.0, 1.0, 1.0, 0.25, 0.25, 1.0]], "shortestPath": [[0.0, 2.0, 2.0, 1.0, 1.0, 1.0], [2.0, 0.0, 2.0, 1.0, 1.0, 1.0], [2.0, 2.0, 0.0, 1.0, 1.0, 1.0], [1.0, 1.0, 1.0, 0.0, 2.0, 2.0], [1.0, 1.0, 1.0, 2.0, 0.0, 2.0], [1.0, 1.0, 1.0, 2.0, 2.0, 0.0]], "euclideanDistance": [[0.0, 57.85728375478737, 325.35393108306613, 114.5403459738014, 157.63013990411778, 306.0314823416995], [57.85728375478737, 0.0, 271.0257255346098, 58.21056170593209, 129.81375220799694, 249.52785897263664], [325.35393108306613, 271.0257255346098, 0.0, 230.07431802642623, 308.7623251956393, 161.71231339773036], [114.5403459738014, 58.21056170593209, 230.07431802642623, 0.0, 105.93148093862098, 191.58754005050162], [157.63013990411778, 129.81375220799694, 308.7623251956393, 105.93148093862098, 0.0, 212.0796522369368], [306.0314823416995, 249.52785897263664, 161.71231339773036, 191.58754005050162, 212.0796522369368, 0.0]]}