{"name": "bipartite-graph-5-5_random", "nodes": [{"index": 0, "id": "0", "x": 112.42615327672897, "y": 439.99999999999994}, {"index": 1, "id": "1", "x": 175.45302623912082, "y": 152.5736490155998}, {"index": 2, "id": "2", "x": 275.70045188236463, "y": 365.4139494873644}, {"index": 3, "id": "3", "x": 10.0, "y": 131.3422818166121}, {"index": 4, "id": "4", "x": 427.7609193117644, "y": 120.17351961278275}, {"index": 5, "id": "5", "x": 440.0, "y": 210.07890179320444}, {"index": 6, "id": "6", "x": 396.8741675357403, "y": 10.0}, {"index": 7, "id": "7", "x": 21.29087649265982, "y": 119.86723428283564}, {"index": 8, "id": "8", "x": 146.89059985600514, "y": 17.36340276576968}, {"index": 9, "id": "9", "x": 258.8031726197878, "y": 51.67759378936893}], "edges": [{"source": "0", "target": "5"}, {"source": "0", "target": "6"}, {"source": "0", "target": "7"}, {"source": "0", "target": "8"}, {"source": "0", "target": "9"}, {"source": "1", "target": "5"}, {"source": "1", "target": "6"}, {"source": "1", "target": "7"}, {"source": "1", "target": "8"}, {"source": "1", "target": "9"}, {"source": "2", "target": "5"}, {"source": "2", "target": "6"}, {"source": "2", "target": "7"}, {"source": "2", "target": "8"}, {"source": "2", "target": "9"}, {"source": "3", "target": "5"}, {"source": "3", "target": "6"}, {"source": "3", "target": "7"}, {"source": "3", "target": "8"}, {"source": "3", "target": "9"}, {"source": "4", "target": "5"}, {"source": "4", "target": "6"}, {"source": "4", "target": "7"}, {"source": "4", "target": "8"}, {"source": "4", "target": "9"}], "weight": [[1.0, 0.25, 0.25, 0.25, 0.25, 1.0, 1.0, 1.0, 1.0, 1.0], [0.25, 1.0, 0.25, 0.25, 0.25, 1.0, 1.0, 1.0, 1.0, 1.0], [0.25, 0.25, 1.0, 0.25, 0.25, 1.0, 1.0, 1.0, 1.0, 1.0], [0.25, 0.25, 0.25, 1.0, 0.25, 1.0, 1.0, 1.0, 1.0, 1.0], [0.25, 0.25, 0.25, 0.25, 1.0, 1.0, 1.0, 1.0, 1.0, 1.0], [1.0, 1.0, 1.0, 1.0, 1.0, 1.0, 0.25, 0.25, 0.25, 0.25], [1.0, 1.0, 1.0, 1.0, 1.0, 0.25, 1.0, 0.25, 0.25, 0.25], [1.0, 1.0, 1.0, 1.0, 1.0, 0.25, 0.25, 1.0, 0.25, 0.25], [1.0, 1.0, 1.0, 1.0, 1.0, 0.25, 0.25, 0.25, 1.0, 0.25], [1.0, 1.0, 1.0, 1.0, 1.0, 0.25, 0.25, 0.25, 0.25, 1.0]], "shortestPath": [[0.0, 2.0, 2.0, 2.0, 2.0, 1.0, 1.0, 1.0, 1.0, 1.0], [2.0, 0.0, 2.0, 2.0, 2.0, 1.0, 1.0, 1.0, 1.0, 1.0], [2.0, 2.0, 0.0, 2.0, 2.0, 1.0, 1.0, 1.0, 1.0, 1.0], [2.0, 2.0, 2.0, 0.0, 2.0, 1.0, 1.0, 1.0, 1.0, 1.0], [2.0, 2.0, 2.0, 2.0, 0.0, 1.0, 1.0, 1.0, 1.0, 1.0], [1.0, 1.0, 1.0, 1.0, 1.0, 0.0, 2.0, 2.0, 2.0, 2.0], [1.0, 1.0, 1.0, 1.0, 1.0, 2.0, 0.0, 2.0, 2.0, 2.0], [1.0, 1.0, 1.0, 1.0, 1.0, 2.0, 2.0, 0.0, 2.0, 2.0], [1.0, 1.0, 1.0, 1.0, 1.0, 2.0, 2.0, 2.0, 0.0, 2.0], [1.0, 1.0, 1.0, 1.0, 1.0, 2.0, 2.0, 2.0, 2.0, 0.0]], "euclideanDistance": [[0.0, 255.64828088131458, 108.98781153834622, 277.5653427496312, 328.1779366533553, 267.4006165232646, 408.2649427296061, 286.4142563171159, 373.1100148537749, 351.15529537700957], [255.64828088131458, 0.0, 195.1099614491677, 90.03641754367369, 137.3054749704701, 149.6660621289705, 172.32219685858587, 86.97874891117091, 120.18677593981957, 99.41383566279717], [108.98781153834622, 195.1099614491677, 0.0, 250.199748428818, 230.89190720416565, 162.50565110243397, 319.9539666087722, 255.37231806372816, 314.4584829671823, 276.782412363051], [277.5653427496312, 90.03641754367369, 250.199748428818, 0.0, 222.58712606223045, 239.18146818883093, 232.0648793145374, 11.768428869393633, 124.13585662202546, 149.91083749612636], [328.1779366533553, 137.3054749704701, 230.89190720416565, 222.58712606223045, 0.0, 79.54108207959241, 98.52659099820113, 216.35933327767987, 174.8408160052029, 108.3321273315911], [267.4006165232646, 149.6660621289705, 162.50565110243397, 239.18146818883093, 79.54108207959241, 0.0, 177.90625455411174, 236.64319271076766, 230.68766739932656, 169.73534868156588], [408.2649427296061, 172.32219685858587, 319.9539666087722, 232.0648793145374, 98.52659099820113, 177.90625455411174, 0.0, 222.1535689792848, 133.22158361708065, 82.16932955511736], [286.4142563171159, 86.97874891117091, 255.37231806372816, 11.768428869393633, 216.35933327767987, 236.64319271076766, 222.1535689792848, 0.0, 112.42160816973758, 139.9943336985278], [373.1100148537749, 120.18677593981957, 314.4584829671823, 124.13585662202546, 174.8408160052029, 230.68766739932656, 133.22158361708065, 112.42160816973758, 0.0, 66.81321411870563], [351.15529537700957, 99.41383566279717, 276.782412363051, 149.91083749612636, 108.3321273315911, 169.73534868156588, 82.16932955511736, 139.9943336985278, 66.81321411870563, 0.0]]}