{"name": "bipartite-graph-5-5_random", "nodes": [{"index": 0, "id": "0", "x": 10.0, "y": 428.161619595699}, {"index": 1, "id": "1", "x": 67.14687857046367, "y": 10.0}, {"index": 2, "id": "2", "x": 246.07517003801843, "y": 283.7803914143358}, {"index": 3, "id": "3", "x": 184.8318896670981, "y": 135.84455765900952}, {"index": 4, "id": "4", "x": 76.30338612764982, "y": 201.3512848785417}, {"index": 5, "id": "5", "x": 354.90372228535807, "y": 20.189615593493315}, {"index": 6, "id": "6", "x": 78.83916902004945, "y": 174.38173455893568}, {"index": 7, "id": "7", "x": 222.70778632512014, "y": 351.7283509254229}, {"index": 8, "id": "8", "x": 440.0, "y": 215.7944801018164}, {"index": 9, "id": "9", "x": 366.59142062170537, "y": 440.0}], "edges": [{"source": "0", "target": "5"}, {"source": "0", "target": "6"}, {"source": "0", "target": "7"}, {"source": "0", "target": "8"}, {"source": "0", "target": "9"}, {"source": "1", "target": "5"}, {"source": "1", "target": "6"}, {"source": "1", "target": "7"}, {"source": "1", "target": "8"}, {"source": "1", "target": "9"}, {"source": "2", "target": "5"}, {"source": "2", "target": "6"}, {"source": "2", "target": "7"}, {"source": "2", "target": "8"}, {"source": "2", "target": "9"}, {"source": "3", "target": "5"}, {"source": "3", "target": "6"}, {"source": "3", "target": "7"}, {"source": "3", "target": "8"}, {"source": "3", "target": "9"}, {"source": "4", "target": "5"}, {"source": "4", "target": "6"}, {"source": "4", "target": "7"}, {"source": "4", "target": "8"}, {"source": "4", "target": "9"}], "weight": [[1.0, 0.25, 0.25, 0.25, 0.25, 1.0, 1.0, 1.0, 1.0, 1.0], [0.25, 1.0, 0.25, 0.25, 0.25, 1.0, 1.0, 1.0, 1.0, 1.0], [0.25, 0.25, 1.0, 0.25, 0.25, 1.0, 1.0, 1.0, 1.0, 1.0], [0.25, 0.25, 0.25, 1.0, 0.25, 1.0, 1.0, 1.0, 1.0, 1.0], [0.25, 0.25, 0.25, 0.25, 1.0, 1.0, 1.0, 1.0, 1.0, 1.0], [1.0, 1.0, 1.0, 1.0, 1.0, 1.0, 0.25, 0.25, 0.25, 0.25], [1.0, 1.0, 1.0, 1.0, 1.0, 0.25, 1.0, 0.25, 0.25, 0.25], [1.0, 1.0, 1.0, 1.0, 1.0, 0.25, 0.25, 1.0, 0.25, 0.25], [1.0, 1.0, 1.0, 1.0, 1.0, 0.25, 0.25, 0.25, 1.0, 0.25], [1.0, 1.0, 1.0, 1.0, 1.0, 0.25, 0.25, 0.25, 0.25, 1.0]], "shortestPath": [[0.0, 2.0, 2.0, 2.0, 2.0, 1.0, 1.0, 1.0, 1.0, 1.0], [2.0, 0.0, 2.0, 2.0, 2.0, 1.0, 1.0, 1.0, 1.0, 1.0], [2.0, 2.0, 0.0, 2.0, 2.0, 1.0, 1.0, 1.0, 1.0, 1.0], [2.0, 2.0, 2.0, 0.0, 2.0, 1.0, 1.0, 1.0, 1.0, 1.0], [2.0, 2.0, 2.0, 2.0, 0.0, 1.0, 1.0, 1.0, 1.0, 1.0], [1.0, 1.0, 1.0, 1.0, 1.0, 0.0, 2.0, 2.0, 2.0, 2.0], [1.0, 1.0, 1.0, 1.0, 1.0, 2.0, 0.0, 2.0, 2.0, 2.0], [1.0, 1.0, 1.0, 1.0, 1.0, 2.0, 2.0, 0.0, 2.0, 2.0], [1.0, 1.0, 1.0, 1.0, 1.0, 2.0, 2.0, 2.0, 0.0, 2.0], [1.0, 1.0, 1.0, 1.0, 1.0, 2.0, 2.0, 2.0, 2.0, 0.0]], "euclideanDistance": [[0.0, 311.89847561892793, 247.63183705790277, 271.23424282432336, 178.0624722825756, 443.49414284679636, 197.50317742742115, 209.29347130751438, 436.4217744521609, 338.11950801401815], [311.89847561892793, 0.0, 263.07447365286714, 144.8747628091181, 140.82388756640904, 272.86307789752175, 121.25338625044455, 291.12047504224716, 384.3930233616266, 424.6511557496291], [247.63183705790277, 263.07447365286714, 0.0, 123.1997987138805, 171.9378526782123, 219.38506515571993, 177.72506651529528, 54.60491951884052, 190.4812229526526, 161.91790224859307], [271.23424282432336, 144.8747628091181, 123.1997987138805, 0.0, 113.5696647068657, 182.22332448553405, 104.38058080671031, 162.58975921180453, 248.89747497236053, 282.1303467960817], [178.0624722825756, 140.82388756640904, 171.9378526782123, 113.5696647068657, 0.0, 295.7140983921703, 19.95563991694616, 177.36828604597628, 344.90578125355296, 326.25501393341875], [443.49414284679636, 272.86307789752175, 219.38506515571993, 182.22332448553405, 295.7140983921703, 0.0, 285.13709730381436, 273.8771336116776, 164.7737691697044, 308.5686488770106], [197.50317742742115, 121.25338625044455, 177.72506651529528, 104.38058080671031, 19.95563991694616, 285.13709730381436, 0.0, 188.59232485908595, 343.68779595550996, 335.35539172944624], [209.29347130751438, 291.12047504224716, 54.60491951884052, 162.58975921180453, 177.36828604597628, 273.8771336116776, 188.59232485908595, 0.0, 228.89466851631605, 151.013476678578], [436.4217744521609, 384.3930233616266, 190.4812229526526, 248.89747497236053, 344.90578125355296, 164.7737691697044, 343.68779595550996, 228.89466851631605, 0.0, 178.7855574227965], [338.11950801401815, 424.6511557496291, 161.91790224859307, 282.1303467960817, 326.25501393341875, 308.5686488770106, 335.35539172944624, 151.013476678578, 178.7855574227965, 0.0]]}