{"name": "cycle-10_random", "nodes": [{"index": 0, "id": "0", "x": 195.34441329148262, "y": 232.13487644895582}, {"index": 1, "id": "1", "x": 421.08155209909154, "y": 401.7711157013386}, {"index": 2, "id": "2", "x": 190.8484093144217, "y": 121.32252574713273}, {"index": 3, "id": "3", "x": 154.40016955089632, "y": 10.0}, {"index": 4, "id": "4", "x": 256.02416773450085, "y": 373.11814612407176}, {"index": 5, "id": "5", "x": 439.99999999999994, "y": 199.67072055091063}, {"index": 6, "id": "6", "x": 10.0, "y": 440.00000000000006}, {"index": 7, "id": "7", "x": 184.3385021564367, "y": 212.37481920640892}, {"index": 8, "id": "8", "x": 109.10234770147233, "y": 376.89941385125894}, {"index": 9, "id": "9", "x": 75.01938256099217, "y": 398.1319733320853}], "edges": [{"source": "0", "target": "1"}, {"source": "0", "target": "9"}, {"source": "1", "target": "2"}, {"source": "2", "target": "3"}, {"source": "3", "target": "4"}, {"source": "4", "target": "5"}, {"source": "5", "target": "6"}, {"source": "6", "target": "7"}, {"source": "7", "target": "8"}, {"source": "8", "target": "9"}], "weight": [[1.0, 1.0, 0.25, 0.1111111119389534, 0.0625, 0.03999999910593033, 0.0625, 0.1111111119389534, 0.25, 1.0], [1.0, 1.0, 1.0, 0.25, 0.1111111119389534, 0.0625, 0.03999999910593033, 0.0625, 0.1111111119389534, 0.25], [0.25, 1.0, 1.0, 1.0, 0.25, 0.1111111119389534, 0.0625, 0.03999999910593033, 0.0625, 0.1111111119389534], [0.1111111119389534, 0.25, 1.0, 1.0, 1.0, 0.25, 0.1111111119389534, 0.0625, 0.03999999910593033, 0.0625], [0.0625, 0.1111111119389534, 0.25, 1.0, 1.0, 1.0, 0.25, 0.1111111119389534, 0.0625, 0.03999999910593033], [0.03999999910593033, 0.0625, 0.1111111119389534, 0.25, 1.0, 1.0, 1.0, 0.25, 0.1111111119389534, 0.0625], [0.0625, 0.03999999910593033, 0.0625, 0.1111111119389534, 0.25, 1.0, 1.0, 1.0, 0.25, 0.1111111119389534], [0.1111111119389534, 0.0625, 0.03999999910593033, 0.0625, 0.1111111119389534, 0.25, 1.0, 1.0, 1.0, 0.25], [0.25, 0.1111111119389534, 0.0625, 0.03999999910593033, 0.0625, 0.1111111119389534, 0.25, 1.0, 1.0, 1.0], [1.0, 0.25, 0.1111111119389534, 0.0625, 0.03999999910593033, 0.0625, 0.1111111119389534, 0.25, 1.0, 1.0]], "shortestPath": [[0.0, 1.0, 2.0, 3.0, 4.0, 5.0, 4.0, 3.0, 2.0, 1.0], [1.0, 0.0, 1.0, 2.0, 3.0, 4.0, 5.0, 4.0, 3.0, 2.0], [2.0, 1.0, 0.0, 1.0, 2.0, 3.0, 4.0, 5.0, 4.0, 3.0], [3.0, 2.0, 1.0, 0.0, 1.0, 2.0, 3.0, 4.0, 5.0, 4.0], [4.0, 3.0, 2.0, 1.0, 0.0, 1.0, 2.0, 3.0, 4.0, 5.0], [5.0, 4.0, 3.0, 2.0, 1.0, 0.0, 1.0, 2.0, 3.0, 4.0], [4.0, 5.0, 4.0, 3.0, 2.0, 1.0, 0.0, 1.0, 2.0, 3.0], [3.0, 4.0, 5.0, 4.0, 3.0, 2.0, 1.0, 0.0, 1.0, 2.0], [2.0, 3.0, 4.0, 5.0, 4.0, 3.0, 2.0, 1.0, 0.0, 1.0], [1.0, 2.0, 3.0, 4.0, 5.0, 4.0, 3.0, 2.0, 1.0, 0.0]], "euclideanDistance": [[0.0, 219.85798073228997, 82.26991244344408, 167.9754212930541, 115.2547750878212, 196.88310714771166, 213.73950279628073, 17.090353356926933, 127.56909675929595, 156.18916384130603], [219.85798073228997, 0.0, 277.63962936273686, 360.2867894492123, 133.53250173919082, 150.66110654071542, 329.5507216996584, 235.55790781964737, 249.85805267940367, 276.411152068622], [82.26991244344408, 277.63962936273686, 0.0, 87.55136403631033, 193.8802969356369, 207.30762374199026, 277.0088136387201, 67.7349699898199, 200.49452358125063, 225.1944223391521], [167.9754212930541, 360.2867894492123, 87.55136403631033, 0.0, 281.2957889469755, 268.0005433339691, 339.1508256848367, 151.9976440166102, 274.530254469064, 294.7832046067827], [115.2547750878212, 133.53250173919082, 193.8802969356369, 281.2957889469755, 0.0, 195.30000277946783, 202.66334084300786, 132.26117200780777, 117.379169990803, 145.75319634522265], [196.88310714771166, 150.66110654071542, 207.30762374199026, 268.0005433339691, 195.30000277946783, 0.0, 386.94380154798375, 204.4127469733779, 295.17324808124937, 326.5661363367513], [213.73950279628073, 329.5507216996584, 277.0088136387201, 339.1508256848367, 202.66334084300786, 386.94380154798375, 0.0, 218.84579603713743, 91.95447038863415, 60.507499158973616], [17.090353356926933, 235.55790781964737, 67.7349699898199, 151.9976440166102, 132.26117200780777, 204.4127469733779, 218.84579603713743, 0.0, 136.0235972736835, 163.11546058288903], [127.56909675929595, 249.85805267940367, 200.49452358125063, 274.530254469064, 117.379169990803, 295.17324808124937, 91.95447038863415, 136.0235972736835, 0.0, 31.44913578058585], [156.18916384130603, 276.411152068622, 225.1944223391521, 294.7832046067827, 145.75319634522265, 326.5661363367513, 60.507499158973616, 163.11546058288903, 31.44913578058585, 0.0]]}