{"name": "cycle-10_random", "nodes": [{"index": 0, "id": "0", "x": 440.0, "y": 440.0}, {"index": 1, "id": "1", "x": 10.0, "y": 57.666614895664196}, {"index": 2, "id": "2", "x": 26.839918970267362, "y": 222.1375382401015}, {"index": 3, "id": "3", "x": 93.08333652191513, "y": 10.0}, {"index": 4, "id": "4", "x": 363.13196135741174, "y": 128.09295171527583}, {"index": 5, "id": "5", "x": 111.30794428241427, "y": 223.5063853888792}, {"index": 6, "id": "6", "x": 426.15269472754665, "y": 13.141345139503159}, {"index": 7, "id": "7", "x": 274.7605728479595, "y": 234.5289842753741}, {"index": 8, "id": "8", "x": 371.802267531912, "y": 228.5996117735612}, {"index": 9, "id": "9", "x": 226.36659230700303, "y": 176.96626600021324}], "edges": [{"source": "0", "target": "1"}, {"source": "0", "target": "9"}, {"source": "1", "target": "2"}, {"source": "2", "target": "3"}, {"source": "3", "target": "4"}, {"source": "4", "target": "5"}, {"source": "5", "target": "6"}, {"source": "6", "target": "7"}, {"source": "7", "target": "8"}, {"source": "8", "target": "9"}], "weight": [[1.0, 1.0, 0.25, 0.1111111119389534, 0.0625, 0.03999999910593033, 0.0625, 0.1111111119389534, 0.25, 1.0], [1.0, 1.0, 1.0, 0.25, 0.1111111119389534, 0.0625, 0.03999999910593033, 0.0625, 0.1111111119389534, 0.25], [0.25, 1.0, 1.0, 1.0, 0.25, 0.1111111119389534, 0.0625, 0.03999999910593033, 0.0625, 0.1111111119389534], [0.1111111119389534, 0.25, 1.0, 1.0, 1.0, 0.25, 0.1111111119389534, 0.0625, 0.03999999910593033, 0.0625], [0.0625, 0.1111111119389534, 0.25, 1.0, 1.0, 1.0, 0.25, 0.1111111119389534, 0.0625, 0.03999999910593033], [0.03999999910593033, 0.0625, 0.1111111119389534, 0.25, 1.0, 1.0, 1.0, 0.25, 0.1111111119389534, 0.0625], [0.0625, 0.03999999910593033, 0.0625, 0.1111111119389534, 0.25, 1.0, 1.0, 1.0, 0.25, 0.1111111119389534], [0.1111111119389534, 0.0625, 0.03999999910593033, 0.0625, 0.1111111119389534, 0.25, 1.0, 1.0, 1.0, 0.25], [0.25, 0.1111111119389534, 0.0625, 0.03999999910593033, 0.0625, 0.1111111119389534, 0.25, 1.0, 1.0, 1.0], [1.0, 0.25, 0.1111111119389534, 0.0625, 0.03999999910593033, 0.0625, 0.1111111119389534, 0.25, 1.0, 1.0]], "shortestPath": [[0.0, 1.0, 2.0, 3.0, 4.0, 5.0, 4.0, 3.0, 2.0, 1.0], [1.0, 0.0, 1.0, 2.0, 3.0, 4.0, 5.0, 4.0, 3.0, 2.0], [2.0, 1.0, 0.0, 1.0, 2.0, 3.0, 4.0, 5.0, 4.0, 3.0], [3.0, 2.0, 1.0, 0.0, 1.0, 2.0, 3.0, 4.0, 5.0, 4.0], [4.0, 3.0, 2.0, 1.0, 0.0, 1.0, 2.0, 3.0, 4.0, 5.0], [5.0, 4.0, 3.0, 2.0, 1.0, 0.0, 1.0, 2.0, 3.0, 4.0], [4.0, 5.0, 4.0, 3.0, 2.0, 1.0, 0.0, 1.0, 2.0, 3.0], [3.0, 4.0, 5.0, 4.0, 3.0, 2.0, 1.0, 0.0, 1.0, 2.0], [2.0, 3.0, 4.0, 5.0, 4.0, 3.0, 2.0, 1.0, 0.0, 1.0], [1.0, 2.0, 3.0, 4.0, 5.0, 4.0, 3.0, 2.0, 1.0, 0.0]], "euclideanDistance": [[0.0, 448.06031535196826, 365.1090855185356, 429.01746151130675, 247.99338653730175, 307.21221460811995, 329.38075675139726, 204.7374283607112, 171.59134975111232, 263.14205805109833], [448.06031535196826, 0.0, 127.5293426904713, 74.83581246917473, 282.3289394502978, 150.58422285680388, 328.2999257557384, 248.5021534869255, 312.9751988648741, 193.084159343602], [365.1090855185356, 127.5293426904713, 0.0, 171.66117710291218, 273.6305806453726, 66.2791264816632, 352.31862086556185, 194.74467106801382, 270.6915203967601, 160.3712737050957], [429.01746151130675, 74.83581246917473, 171.66117710291218, 0.0, 230.61663265467755, 165.2798392976515, 261.32603688604183, 224.28051774939553, 276.11591941290436, 165.8790597432756], [247.99338653730175, 282.3289394502978, 273.6305806453726, 230.61663265467755, 0.0, 210.83072208643455, 101.5087772054739, 107.44820506379747, 77.81056822880187, 113.72899642974366], [307.21221460811995, 150.58422285680388, 66.2791264816632, 165.2798392976515, 210.83072208643455, 0.0, 295.5302370005157, 128.52077872709535, 204.41266457773088, 97.14498129444634], [329.38075675139726, 328.2999257557384, 352.31862086556185, 261.32603688604183, 101.5087772054739, 295.5302370005157, 0.0, 207.98938523256533, 171.54963793527813, 201.32593913760917], [204.7374283607112, 248.5021534869255, 194.74467106801382, 224.28051774939553, 107.44820506379747, 128.52077872709535, 207.98938523256533, 0.0, 76.27279196840377, 58.415482391893256], [171.59134975111232, 312.9751988648741, 270.6915203967601, 276.11591941290436, 77.81056822880187, 204.41266457773088, 171.54963793527813, 76.27279196840377, 0.0, 120.85267887391092], [263.14205805109833, 193.084159343602, 160.3712737050957, 165.8790597432756, 113.72899642974366, 97.14498129444634, 201.32593913760917, 58.415482391893256, 120.85267887391092, 0.0]]}