{"name": "k-20_random", "nodes": [{"index": 0, "id": "0", "x": 440.0, "y": 283.00609256616815}, {"index": 1, "id": "1", "x": 341.4541726629005, "y": 249.13891742007456}, {"index": 2, "id": "2", "x": 224.08344068120797, "y": 343.72663981876167}, {"index": 3, "id": "3", "x": 306.52680131451046, "y": 415.81285341835}, {"index": 4, "id": "4", "x": 28.83600806479276, "y": 284.71427520844077}, {"index": 5, "id": "5", "x": 53.39984597254413, "y": 10.0}, {"index": 6, "id": "6", "x": 129.6754595029025, "y": 353.7008430048511}, {"index": 7, "id": "7", "x": 427.5166815715698, "y": 215.80047506406925}, {"index": 8, "id": "8", "x": 231.23807923042554, "y": 115.93402381467602}, {"index": 9, "id": "9", "x": 10.0, "y": 109.31380144945628}, {"index": 10, "id": "10", "x": 390.27881245125644, "y": 345.5218155215881}, {"index": 11, "id": "11", "x": 238.07224544671425, "y": 284.8637152545988}, {"index": 12, "id": "12", "x": 89.75049639275093, "y": 356.68934054767305}, {"index": 13, "id": "13", "x": 266.16458256410203, "y": 399.62185789383267}, {"index": 14, "id": "14", "x": 271.70725423861603, "y": 439.99999999999994}, {"index": 15, "id": "15", "x": 379.9814974781117, "y": 168.16040231754732}, {"index": 16, "id": "16", "x": 127.78662545985058, "y": 370.66232695972917}, {"index": 17, "id": "17", "x": 395.4562529104384, "y": 201.03134990164966}, {"index": 18, "id": "18", "x": 247.29557564942414, "y": 309.1471951949505}, {"index": 19, "id": "19", "x": 32.07480222694818, "y": 294.86284103527476}], "edges": [{"source": "0", "target": "1"}, {"source": "0", "target": "2"}, {"source": "0", "target": "3"}, {"source": "0", "target": "4"}, {"source": "0", "target": "5"}, {"source": "0", "target": "6"}, {"source": "0", "target": "7"}, {"source": "0", "target": "8"}, {"source": "0", "target": "9"}, {"source": "0", "target": "10"}, {"source": "0", "target": "11"}, {"source": "0", "target": "12"}, {"source": "0", "target": "13"}, {"source": "0", "target": "14"}, {"source": "0", "target": "15"}, {"source": "0", "target": "16"}, {"source": "0", "target": "17"}, {"source": "0", "target": "18"}, {"source": "0", "target": "19"}, {"source": "1", "target": "2"}, {"source": "1", "target": "3"}, {"source": "1", "target": "4"}, {"source": "1", "target": "5"}, {"source": "1", "target": "6"}, {"source": "1", "target": "7"}, {"source": "1", "target": "8"}, {"source": "1", "target": "9"}, {"source": "1", "target": "10"}, {"source": "1", "target": "11"}, {"source": "1", "target": "12"}, {"source": "1", "target": "13"}, {"source": "1", "target": "14"}, {"source": "1", "target": "15"}, {"source": "1", "target": "16"}, {"source": "1", "target": "17"}, {"source": "1", "target": "18"}, {"source": "1", "target": "19"}, {"source": "2", "target": "3"}, {"source": "2", "target": "4"}, {"source": "2", "target": "5"}, {"source": "2", "target": "6"}, {"source": "2", "target": "7"}, {"source": "2", "target": "8"}, {"source": "2", "target": "9"}, {"source": "2", "target": "10"}, {"source": "2", "target": "11"}, {"source": "2", "target": "12"}, {"source": "2", "target": "13"}, {"source": "2", "target": "14"}, {"source": "2", "target": "15"}, {"source": "2", "target": "16"}, {"source": "2", "target": "17"}, {"source": "2", "target": "18"}, {"source": "2", "target": "19"}, {"source": "3", "target": "4"}, {"source": "3", "target": "5"}, {"source": "3", "target": "6"}, {"source": "3", "target": "7"}, {"source": "3", "target": "8"}, {"source": "3", "target": "9"}, {"source": "3", "target": "10"}, {"source": "3", "target": "11"}, {"source": "3", "target": "12"}, {"source": "3", "target": "13"}, {"source": "3", "target": "14"}, {"source": "3", "target": "15"}, {"source": "3", "target": "16"}, {"source": "3", "target": "17"}, {"source": "3", "target": "18"}, {"source": "3", "target": "19"}, {"source": "4", "target": "5"}, {"source": "4", "target": "6"}, {"source": "4", "target": "7"}, {"source": "4", "target": "8"}, {"source": "4", "target": "9"}, {"source": "4", "target": "10"}, {"source": "4", "target": "11"}, {"source": "4", "target": "12"}, {"source": "4", "target": "13"}, {"source": "4", "target": "14"}, {"source": "4", "target": "15"}, {"source": "4", "target": "16"}, {"source": "4", "target": "17"}, {"source": "4", "target": "18"}, {"source": "4", "target": "19"}, {"source": "5", "target": "6"}, {"source": "5", "target": "7"}, {"source": "5", "target": "8"}, {"source": "5", "target": "9"}, {"source": "5", "target": "10"}, {"source": "5", "target": "11"}, {"source": "5", "target": "12"}, {"source": "5", "target": "13"}, {"source": "5", "target": "14"}, {"source": "5", "target": "15"}, {"source": "5", "target": "16"}, {"source": "5", "target": "17"}, {"source": "5", "target": "18"}, {"source": "5", "target": "19"}, {"source": "6", "target": "7"}, {"source": "6", "target": "8"}, {"source": "6", "target": "9"}, {"source": "6", "target": "10"}, {"source": "6", "target": "11"}, {"source": "6", "target": "12"}, {"source": "6", "target": "13"}, {"source": "6", "target": "14"}, {"source": "6", "target": "15"}, {"source": "6", "target": "16"}, {"source": "6", "target": "17"}, {"source": "6", "target": "18"}, {"source": "6", "target": "19"}, {"source": "7", "target": "8"}, {"source": "7", "target": "9"}, {"source": "7", "target": "10"}, {"source": "7", "target": "11"}, {"source": "7", "target": "12"}, {"source": "7", "target": "13"}, {"source": "7", "target": "14"}, {"source": "7", "target": "15"}, {"source": "7", "target": "16"}, {"source": "7", "target": "17"}, {"source": "7", "target": "18"}, {"source": "7", "target": "19"}, {"source": "8", "target": "9"}, {"source": "8", "target": "10"}, {"source": "8", "target": "11"}, {"source": "8", "target": "12"}, {"source": "8", "target": "13"}, {"source": "8", "target": "14"}, {"source": "8", "target": "15"}, {"source": "8", "target": "16"}, {"source": "8", "target": "17"}, {"source": "8", "target": "18"}, {"source": "8", "target": "19"}, {"source": "9", "target": "10"}, {"source": "9", "target": "11"}, {"source": "9", "target": "12"}, {"source": "9", "target": "13"}, {"source": "9", "target": "14"}, {"source": "9", "target": "15"}, {"source": "9", "target": "16"}, {"source": "9", "target": "17"}, {"source": "9", "target": "18"}, {"source": "9", "target": "19"}, {"source": "10", "target": "11"}, {"source": "10", "target": "12"}, {"source": "10", "target": "13"}, {"source": "10", "target": "14"}, {"source": "10", "target": "15"}, {"source": "10", "target": "16"}, {"source": "10", "target": "17"}, {"source": "10", "target": "18"}, {"source": "10", "target": "19"}, {"source": "11", "target": "12"}, {"source": "11", "target": "13"}, {"source": "11", "target": "14"}, {"source": "11", "target": "15"}, {"source": "11", "target": "16"}, {"source": "11", "target": "17"}, {"source": "11", "target": "18"}, {"source": "11", "target": "19"}, {"source": "12", "target": "13"}, {"source": "12", "target": "14"}, {"source": "12", "target": "15"}, {"source": "12", "target": "16"}, {"source": "12", "target": "17"}, {"source": "12", "target": "18"}, {"source": "12", "target": "19"}, {"source": "13", "target": "14"}, {"source": "13", "target": "15"}, {"source": "13", "target": "16"}, {"source": "13", "target": "17"}, {"source": "13", "target": "18"}, {"source": "13", "target": "19"}, {"source": "14", "target": "15"}, {"source": "14", "target": "16"}, {"source": "14", "target": "17"}, {"source": "14", "target": "18"}, {"source": "14", "target": "19"}, {"source": "15", "target": "16"}, {"source": "15", "target": "17"}, {"source": "15", "target": "18"}, {"source": "15", "target": "19"}, {"source": "16", "target": "17"}, {"source": "16", "target": "18"}, {"source": "16", "target": "19"}, {"source": "17", "target": "18"}, {"source": "17", "target": "19"}, {"source": "18", "target": "19"}], "weight": [[1.0, 1.0, 1.0, 1.0, 1.0, 1.0, 1.0, 1.0, 1.0, 1.0, 1.0, 1.0, 1.0, 1.0, 1.0, 1.0, 1.0, 1.0, 1.0, 1.0], [1.0, 1.0, 1.0, 1.0, 1.0, 1.0, 1.0, 1.0, 1.0, 1.0, 1.0, 1.0, 1.0, 1.0, 1.0, 1.0, 1.0, 1.0, 1.0, 1.0], [1.0, 1.0, 1.0, 1.0, 1.0, 1.0, 1.0, 1.0, 1.0, 1.0, 1.0, 1.0, 1.0, 1.0, 1.0, 1.0, 1.0, 1.0, 1.0, 1.0], [1.0, 1.0, 1.0, 1.0, 1.0, 1.0, 1.0, 1.0, 1.0, 1.0, 1.0, 1.0, 1.0, 1.0, 1.0, 1.0, 1.0, 1.0, 1.0, 1.0], [1.0, 1.0, 1.0, 1.0, 1.0, 1.0, 1.0, 1.0, 1.0, 1.0, 1.0, 1.0, 1.0, 1.0, 1.0, 1.0, 1.0, 1.0, 1.0, 1.0], [1.0, 1.0, 1.0, 1.0, 1.0, 1.0, 1.0, 1.0, 1.0, 1.0, 1.0, 1.0, 1.0, 1.0, 1.0, 1.0, 1.0, 1.0, 1.0, 1.0], [1.0, 1.0, 1.0, 1.0, 1.0, 1.0, 1.0, 1.0, 1.0, 1.0, 1.0, 1.0, 1.0, 1.0, 1.0, 1.0, 1.0, 1.0, 1.0, 1.0], [1.0, 1.0, 1.0, 1.0, 1.0, 1.0, 1.0, 1.0, 1.0, 1.0, 1.0, 1.0, 1.0, 1.0, 1.0, 1.0, 1.0, 1.0, 1.0, 1.0], [1.0, 1.0, 1.0, 1.0, 1.0, 1.0, 1.0, 1.0, 1.0, 1.0, 1.0, 1.0, 1.0, 1.0, 1.0, 1.0, 1.0, 1.0, 1.0, 1.0], [1.0, 1.0, 1.0, 1.0, 1.0, 1.0, 1.0, 1.0, 1.0, 1.0, 1.0, 1.0, 1.0, 1.0, 1.0, 1.0, 1.0, 1.0, 1.0, 1.0], [1.0, 1.0, 1.0, 1.0, 1.0, 1.0, 1.0, 1.0, 1.0, 1.0, 1.0, 1.0, 1.0, 1.0, 1.0, 1.0, 1.0, 1.0, 1.0, 1.0], [1.0, 1.0, 1.0, 1.0, 1.0, 1.0, 1.0, 1.0, 1.0, 1.0, 1.0, 1.0, 1.0, 1.0, 1.0, 1.0, 1.0, 1.0, 1.0, 1.0], [1.0, 1.0, 1.0, 1.0, 1.0, 1.0, 1.0, 1.0, 1.0, 1.0, 1.0, 1.0, 1.0, 1.0, 1.0, 1.0, 1.0, 1.0, 1.0, 1.0], [1.0, 1.0, 1.0, 1.0, 1.0, 1.0, 1.0, 1.0, 1.0, 1.0, 1.0, 1.0, 1.0, 1.0, 1.0, 1.0, 1.0, 1.0, 1.0, 1.0], [1.0, 1.0, 1.0, 1.0, 1.0, 1.0, 1.0, 1.0, 1.0, 1.0, 1.0, 1.0, 1.0, 1.0, 1.0, 1.0, 1.0, 1.0, 1.0, 1.0], [1.0, 1.0, 1.0, 1.0, 1.0, 1.0, 1.0, 1.0, 1.0, 1.0, 1.0, 1.0, 1.0, 1.0, 1.0, 1.0, 1.0, 1.0, 1.0, 1.0], [1.0, 1.0, 1.0, 1.0, 1.0, 1.0, 1.0, 1.0, 1.0, 1.0, 1.0, 1.0, 1.0, 1.0, 1.0, 1.0, 1.0, 1.0, 1.0, 1.0], [1.0, 1.0, 1.0, 1.0, 1.0, 1.0, 1.0, 1.0, 1.0, 1.0, 1.0, 1.0, 1.0, 1.0, 1.0, 1.0, 1.0, 1.0, 1.0, 1.0], [1.0, 1.0, 1.0, 1.0, 1.0, 1.0, 1.0, 1.0, 1.0, 1.0, 1.0, 1.0, 1.0, 1.0, 1.0, 1.0, 1.0, 1.0, 1.0, 1.0], [1.0, 1.0, 1.0, 1.0, 1.0, 1.0, 1.0, 1.0, 1.0, 1.0, 1.0, 1.0, 1.0, 1.0, 1.0, 1.0, 1.0, 1.0, 1.0, 1.0]], "shortestPath": [[0.0, 1.0, 1.0, 1.0, 1.0, 1.0, 1.0, 1.0, 1.0, 1.0, 1.0, 1.0, 1.0, 1.0, 1.0, 1.0, 1.0, 1.0, 1.0, 1.0], [1.0, 0.0, 1.0, 1.0, 1.0, 1.0, 1.0, 1.0, 1.0, 1.0, 1.0, 1.0, 1.0, 1.0, 1.0, 1.0, 1.0, 1.0, 1.0, 1.0], [1.0, 1.0, 0.0, 1.0, 1.0, 1.0, 1.0, 1.0, 1.0, 1.0, 1.0, 1.0, 1.0, 1.0, 1.0, 1.0, 1.0, 1.0, 1.0, 1.0], [1.0, 1.0, 1.0, 0.0, 1.0, 1.0, 1.0, 1.0, 1.0, 1.0, 1.0, 1.0, 1.0, 1.0, 1.0, 1.0, 1.0, 1.0, 1.0, 1.0], [1.0, 1.0, 1.0, 1.0, 0.0, 1.0, 1.0, 1.0, 1.0, 1.0, 1.0, 1.0, 1.0, 1.0, 1.0, 1.0, 1.0, 1.0, 1.0, 1.0], [1.0, 1.0, 1.0, 1.0, 1.0, 0.0, 1.0, 1.0, 1.0, 1.0, 1.0, 1.0, 1.0, 1.0, 1.0, 1.0, 1.0, 1.0, 1.0, 1.0], [1.0, 1.0, 1.0, 1.0, 1.0, 1.0, 0.0, 1.0, 1.0, 1.0, 1.0, 1.0, 1.0, 1.0, 1.0, 1.0, 1.0, 1.0, 1.0, 1.0], [1.0, 1.0, 1.0, 1.0, 1.0, 1.0, 1.0, 0.0, 1.0, 1.0, 1.0, 1.0, 1.0, 1.0, 1.0, 1.0, 1.0, 1.0, 1.0, 1.0], [1.0, 1.0, 1.0, 1.0, 1.0, 1.0, 1.0, 1.0, 0.0, 1.0, 1.0, 1.0, 1.0, 1.0, 1.0, 1.0, 1.0, 1.0, 1.0, 1.0], [1.0, 1.0, 1.0, 1.0, 1.0, 1.0, 1.0, 1.0, 1.0, 0.0, 1.0, 1.0, 1.0, 1.0, 1.0, 1.0, 1.0, 1.0, 1.0, 1.0], [1.0, 1.0, 1.0, 1.0, 1.0, 1.0, 1.0, 1.0, 1.0, 1.0, 0.0, 1.0, 1.0, 1.0, 1.0, 1.0, 1.0, 1.0, 1.0, 1.0], [1.0, 1.0, 1.0, 1.0, 1.0, 1.0, 1.0, 1.0, 1.0, 1.0, 1.0, 0.0, 1.0, 1.0, 1.0, 1.0, 1.0, 1.0, 1.0, 1.0], [1.0, 1.0, 1.0, 1.0, 1.0, 1.0, 1.0, 1.0, 1.0, 1.0, 1.0, 1.0, 0.0, 1.0, 1.0, 1.0, 1.0, 1.0, 1.0, 1.0], [1.0, 1.0, 1.0, 1.0, 1.0, 1.0, 1.0, 1.0, 1.0, 1.0, 1.0, 1.0, 1.0, 0.0, 1.0, 1.0, 1.0, 1.0, 1.0, 1.0], [1.0, 1.0, 1.0, 1.0, 1.0, 1.0, 1.0, 1.0, 1.0, 1.0, 1.0, 1.0, 1.0, 1.0, 0.0, 1.0, 1.0, 1.0, 1.0, 1.0], [1.0, 1.0, 1.0, 1.0, 1.0, 1.0, 1.0, 1.0, 1.0, 1.0, 1.0, 1.0, 1.0, 1.0, 1.0, 0.0, 1.0, 1.0, 1.0, 1.0], [1.0, 1.0, 1.0, 1.0, 1.0, 1.0, 1.0, 1.0, 1.0, 1.0, 1.0, 1.0, 1.0, 1.0, 1.0, 1.0, 0.0, 1.0, 1.0, 1.0], [1.0, 1.0, 1.0, 1.0, 1.0, 1.0, 1.0, 1.0, 1.0, 1.0, 1.0, 1.0, 1.0, 1.0, 1.0, 1.0, 1.0, 0.0, 1.0, 1.0], [1.0, 1.0, 1.0, 1.0, 1.0, 1.0, 1.0, 1.0, 1.0, 1.0, 1.0, 1.0, 1.0, 1.0, 1.0, 1.0, 1.0, 1.0, 0.0, 1.0], [1.0, 1.0, 1.0, 1.0, 1.0, 1.0, 1.0, 1.0, 1.0, 1.0, 1.0, 1.0, 1.0, 1.0, 1.0, 1.0, 1.0, 1.0, 1.0, 0.0]], "euclideanDistance": [[0.0, 90.9612520554565, 195.1928796839258, 170.31661341361814, 355.3317395002227, 421.87498185006734, 276.35369874861533, 64.32325017527924, 239.58168480007976, 406.1409078864582, 72.97809300972143, 174.51484747339094, 310.56766087934017, 186.2148292994062, 207.59469598154655, 120.13681008641464, 282.20696112170594, 86.39730152906309, 168.351937622421, 352.7065890851279], [90.9612520554565, 0.0, 135.1063752467864, 160.1363054102799, 272.24207782784174, 335.9807780148333, 207.91778300854122, 80.7539305253037, 157.70004296550863, 315.3659589098549, 100.254118943383, 95.49013656685436, 240.02940671900154, 156.18675932372324, 189.90709052112933, 83.34686484977256, 217.35688093701737, 65.10300601185807, 99.1328833111399, 270.8242503141824], [195.1928796839258, 135.1063752467864, 0.0, 98.50158410910889, 177.68288328484067, 347.72519624729136, 82.12841700851827, 213.25544815257862, 215.02353689338932, 288.35771638823604, 143.6360936345648, 56.840803657668076, 116.73311916036039, 64.06285177257887, 99.72764252255048, 213.5260875842297, 87.01414953894987, 200.1545975793949, 38.30090668664885, 172.22021349305172], [170.31661341361814, 160.1363054102799, 98.50158410910889, 0.0, 269.98514012601254, 440.9873780458554, 163.68629773472878, 215.75184729914437, 290.33626295077994, 386.39897456988876, 98.17047340178601, 136.98977055409406, 195.46787982008436, 38.079869073351624, 37.76652442806159, 242.142389056688, 160.23446245295, 216.74086303671146, 112.91391252231277, 263.20923935028173], [355.3317395002227, 272.24207782784174, 177.68288328484067, 269.98514012601254, 0.0, 260.0755326482777, 108.77213291027681, 350.6221818318312, 236.55273003226594, 166.2984148632102, 317.5847393507721, 180.8220938770216, 85.92614600970084, 231.9935467519057, 255.9722955837229, 322.77311789923306, 117.85229430799562, 326.52405391309543, 190.19520187213644, 9.97640304415255], [421.87498185006734, 335.9807780148333, 347.72519624729136, 440.9873780458554, 260.0755326482777, 0.0, 330.931686513753, 377.1444858500734, 183.3326404897285, 100.9350697594259, 430.09530898180475, 304.51929744717205, 328.6250312999868, 411.0473684110113, 447.4466150868213, 319.2574936668937, 346.3230142780264, 346.2253059108916, 328.2522112387561, 269.41451147403023], [276.35369874861533, 207.91778300854122, 82.12841700851827, 163.68629773472878, 108.77213291027681, 330.931686513753, 0.0, 288.4132736185618, 240.90392257509097, 252.7237065219513, 225.34570627288082, 113.99121942207036, 34.61820305857819, 125.66038986540258, 147.29758185260812, 278.28150455757765, 16.08710428143517, 271.1226043730029, 109.99746412265034, 100.97749659803009], [64.32325017527924, 80.7539305253037, 213.25544815257862, 215.75184729914437, 350.6221818318312, 377.1444858500734, 288.4132736185618, 0.0, 194.03992795654233, 374.54652342992875, 126.55888324034245, 176.21019408428862, 320.7433478610356, 222.54655670692674, 250.76240935863657, 60.89458676174207, 297.39889687236365, 31.013784828707212, 178.9269410525409, 349.7885528742604], [239.58168480007976, 157.70004296550863, 215.02353689338932, 290.33626295077994, 236.55273003226594, 183.3326404897285, 240.90392257509097, 194.03992795654233, 0.0, 191.29604904661358, 256.5511418713449, 159.50365923990066, 257.98267808770487, 269.37117250363093, 307.76731150825117, 137.66608956700023, 256.43894093313975, 163.05724336016843, 182.83442961234806, 241.09642045456755], [406.1409078864582, 315.3659589098549, 288.35771638823604, 386.39897456988876, 166.2984148632102, 100.9350697594259, 252.7237065219513, 374.54652342992875, 191.29604904661358, 0.0, 397.083883371509, 257.4593913462232, 243.37473578473444, 352.1944026207403, 385.3678639983296, 324.52350868041134, 266.77941917460186, 344.1692688682817, 278.57950656360305, 176.11182382132657], [72.97809300972143, 100.254118943383, 143.6360936345648, 98.17047340178601, 317.5847393507721, 430.09530898180475, 225.34570627288082, 126.55888324034245, 256.5511418713449, 397.083883371509, 0.0, 143.44939294418876, 259.9303570104948, 118.78695294108456, 135.81934457544457, 167.58649736715765, 228.08276250621864, 136.40795045218957, 128.24413402836993, 313.22869042327756], [174.51484747339094, 95.49013656685436, 56.840803657668076, 136.98977055409406, 180.8220938770216, 304.51929744717205, 113.99121942207036, 176.21019408428862, 159.50365923990066, 257.4593913462232, 143.44939294418876, 0.0, 144.99308690646288, 110.96872914535159, 149.2375870804505, 164.8198770947119, 125.05036611117217, 157.3402247467123, 24.259615021637202, 178.27290287315867], [310.56766087934017, 240.02940671900154, 116.73311916036039, 195.46787982008436, 85.92614600970084, 328.6250312999868, 34.61820305857819, 320.7433478610356, 257.98267808770487, 243.37473578473444, 259.9303570104948, 144.99308690646288, 0.0, 157.74715601297856, 175.80069582935693, 307.49537512547795, 35.41633600094363, 302.2717364839207, 143.3501171602309, 76.7301998740253], [186.2148292994062, 156.18675932372324, 64.06285177257887, 38.079869073351624, 231.9935467519057, 411.0473684110113, 125.66038986540258, 222.54655670692674, 269.37117250363093, 352.1944026207403, 118.78695294108456, 110.96872914535159, 157.74715601297856, 0.0, 38.39888396223329, 239.52408279782293, 122.66836852746441, 218.16519613544557, 86.91118311752217, 225.15766330276907], [207.59469598154655, 189.90709052112933, 99.72764252255048, 37.76652442806159, 255.9722955837229, 447.4466150868213, 147.29758185260812, 250.76240935863657, 307.76731150825117, 385.3678639983296, 135.81934457544457, 149.2375870804505, 175.80069582935693, 38.39888396223329, 0.0, 273.0298827643825, 140.53374420058222, 249.5559068959655, 125.25608516170249, 248.27468643517554], [120.13681008641464, 83.34686484977256, 213.5260875842297, 242.142389056688, 322.77311789923306, 319.2574936668937, 278.28150455757765, 60.89458676174207, 137.66608956700023, 324.52350868041134, 167.58649736715765, 164.8198770947119, 307.49537512547795, 239.52408279782293, 273.0298827643825, 0.0, 289.84335222930315, 33.77583275281485, 175.62799597448458, 323.5574780439825], [282.20696112170594, 217.35688093701737, 87.01414953894987, 160.23446245295, 117.85229430799562, 346.3230142780264, 16.08710428143517, 297.39889687236365, 256.43894093313975, 266.77941917460186, 228.08276250621864, 125.05036611117217, 35.41633600094363, 122.66836852746441, 140.53374420058222, 289.84335222930315, 0.0, 281.295129278325, 118.4722101301315, 109.34750941765931], [86.39730152906309, 65.10300601185807, 200.1545975793949, 216.74086303671146, 326.52405391309543, 346.2253059108916, 271.1226043730029, 31.013784828707212, 163.05724336016843, 344.1692688682817, 136.40795045218957, 157.3402247467123, 302.2717364839207, 218.16519613544557, 249.5559068959655, 33.77583275281485, 281.295129278325, 0.0, 163.71027097412642, 326.2760476437587], [168.351937622421, 99.1328833111399, 38.30090668664885, 112.91391252231277, 190.19520187213644, 328.2522112387561, 109.99746412265034, 178.9269410525409, 182.83442961234806, 278.57950656360305, 128.24413402836993, 24.259615021637202, 143.3501171602309, 86.91118311752217, 125.25608516170249, 175.62799597448458, 118.4722101301315, 163.71027097412642, 0.0, 186.48158209889317], [352.7065890851279, 270.8242503141824, 172.22021349305172, 263.20923935028173, 9.97640304415255, 269.41451147403023, 100.97749659803009, 349.7885528742604, 241.09642045456755, 176.11182382132657, 313.22869042327756, 178.27290287315867, 76.7301998740253, 225.15766330276907, 248.27468643517554, 323.5574780439825, 109.34750941765931, 326.2760476437587, 186.48158209889317, 0.0]]}