{"name": "k-20_random", "nodes": [{"index": 0, "id": "0", "x": 234.43838012116294, "y": 58.97274144573388}, {"index": 1, "id": "1", "x": 95.39819074417167, "y": 198.9847004691665}, {"index": 2, "id": "2", "x": 340.14698318382915, "y": 58.639831041199265}, {"index": 3, "id": "3", "x": 58.80849476230094, "y": 38.693660373026866}, {"index": 4, "id": "4", "x": 242.23223063534533, "y": 61.82471256120471}, {"index": 5, "id": "5", "x": 228.914045904285, "y": 219.72893723526548}, {"index": 6, "id": "6", "x": 152.62861089405442, "y": 10.0}, {"index": 7, "id": "7", "x": 99.70597666911996, "y": 168.4010090907386}, {"index": 8, "id": "8", "x": 10.0, "y": 135.49497691569172}, {"index": 9, "id": "9", "x": 261.288171907677, "y": 440.0}, {"index": 10, "id": "10", "x": 254.95572954301952, "y": 425.0445412895628}, {"index": 11, "id": "11", "x": 15.743368186037102, "y": 124.88517502611447}, {"index": 12, "id": "12", "x": 47.53707638425317, "y": 354.60809169670307}, {"index": 13, "id": "13", "x": 439.99999999999994, "y": 371.3305707062733}, {"index": 14, "id": "14", "x": 118.22704350552662, "y": 345.8522631096508}, {"index": 15, "id": "15", "x": 220.32651021246096, "y": 228.00816725284827}, {"index": 16, "id": "16", "x": 265.6586886662858, "y": 58.50223565813267}, {"index": 17, "id": "17", "x": 433.46467943685366, "y": 283.1796105598902}, {"index": 18, "id": "18", "x": 79.88850618704934, "y": 213.5133162885592}, {"index": 19, "id": "19", "x": 162.29150935734702, "y": 90.76130025042437}], "edges": [{"source": "0", "target": "1"}, {"source": "0", "target": "2"}, {"source": "0", "target": "3"}, {"source": "0", "target": "4"}, {"source": "0", "target": "5"}, {"source": "0", "target": "6"}, {"source": "0", "target": "7"}, {"source": "0", "target": "8"}, {"source": "0", "target": "9"}, {"source": "0", "target": "10"}, {"source": "0", "target": "11"}, {"source": "0", "target": "12"}, {"source": "0", "target": "13"}, {"source": "0", "target": "14"}, {"source": "0", "target": "15"}, {"source": "0", "target": "16"}, {"source": "0", "target": "17"}, {"source": "0", "target": "18"}, {"source": "0", "target": "19"}, {"source": "1", "target": "2"}, {"source": "1", "target": "3"}, {"source": "1", "target": "4"}, {"source": "1", "target": "5"}, {"source": "1", "target": "6"}, {"source": "1", "target": "7"}, {"source": "1", "target": "8"}, {"source": "1", "target": "9"}, {"source": "1", "target": "10"}, {"source": "1", "target": "11"}, {"source": "1", "target": "12"}, {"source": "1", "target": "13"}, {"source": "1", "target": "14"}, {"source": "1", "target": "15"}, {"source": "1", "target": "16"}, {"source": "1", "target": "17"}, {"source": "1", "target": "18"}, {"source": "1", "target": "19"}, {"source": "2", "target": "3"}, {"source": "2", "target": "4"}, {"source": "2", "target": "5"}, {"source": "2", "target": "6"}, {"source": "2", "target": "7"}, {"source": "2", "target": "8"}, {"source": "2", "target": "9"}, {"source": "2", "target": "10"}, {"source": "2", "target": "11"}, {"source": "2", "target": "12"}, {"source": "2", "target": "13"}, {"source": "2", "target": "14"}, {"source": "2", "target": "15"}, {"source": "2", "target": "16"}, {"source": "2", "target": "17"}, {"source": "2", "target": "18"}, {"source": "2", "target": "19"}, {"source": "3", "target": "4"}, {"source": "3", "target": "5"}, {"source": "3", "target": "6"}, {"source": "3", "target": "7"}, {"source": "3", "target": "8"}, {"source": "3", "target": "9"}, {"source": "3", "target": "10"}, {"source": "3", "target": "11"}, {"source": "3", "target": "12"}, {"source": "3", "target": "13"}, {"source": "3", "target": "14"}, {"source": "3", "target": "15"}, {"source": "3", "target": "16"}, {"source": "3", "target": "17"}, {"source": "3", "target": "18"}, {"source": "3", "target": "19"}, {"source": "4", "target": "5"}, {"source": "4", "target": "6"}, {"source": "4", "target": "7"}, {"source": "4", "target": "8"}, {"source": "4", "target": "9"}, {"source": "4", "target": "10"}, {"source": "4", "target": "11"}, {"source": "4", "target": "12"}, {"source": "4", "target": "13"}, {"source": "4", "target": "14"}, {"source": "4", "target": "15"}, {"source": "4", "target": "16"}, {"source": "4", "target": "17"}, {"source": "4", "target": "18"}, {"source": "4", "target": "19"}, {"source": "5", "target": "6"}, {"source": "5", "target": "7"}, {"source": "5", "target": "8"}, {"source": "5", "target": "9"}, {"source": "5", "target": "10"}, {"source": "5", "target": "11"}, {"source": "5", "target": "12"}, {"source": "5", "target": "13"}, {"source": "5", "target": "14"}, {"source": "5", "target": "15"}, {"source": "5", "target": "16"}, {"source": "5", "target": "17"}, {"source": "5", "target": "18"}, {"source": "5", "target": "19"}, {"source": "6", "target": "7"}, {"source": "6", "target": "8"}, {"source": "6", "target": "9"}, {"source": "6", "target": "10"}, {"source": "6", "target": "11"}, {"source": "6", "target": "12"}, {"source": "6", "target": "13"}, {"source": "6", "target": "14"}, {"source": "6", "target": "15"}, {"source": "6", "target": "16"}, {"source": "6", "target": "17"}, {"source": "6", "target": "18"}, {"source": "6", "target": "19"}, {"source": "7", "target": "8"}, {"source": "7", "target": "9"}, {"source": "7", "target": "10"}, {"source": "7", "target": "11"}, {"source": "7", "target": "12"}, {"source": "7", "target": "13"}, {"source": "7", "target": "14"}, {"source": "7", "target": "15"}, {"source": "7", "target": "16"}, {"source": "7", "target": "17"}, {"source": "7", "target": "18"}, {"source": "7", "target": "19"}, {"source": "8", "target": "9"}, {"source": "8", "target": "10"}, {"source": "8", "target": "11"}, {"source": "8", "target": "12"}, {"source": "8", "target": "13"}, {"source": "8", "target": "14"}, {"source": "8", "target": "15"}, {"source": "8", "target": "16"}, {"source": "8", "target": "17"}, {"source": "8", "target": "18"}, {"source": "8", "target": "19"}, {"source": "9", "target": "10"}, {"source": "9", "target": "11"}, {"source": "9", "target": "12"}, {"source": "9", "target": "13"}, {"source": "9", "target": "14"}, {"source": "9", "target": "15"}, {"source": "9", "target": "16"}, {"source": "9", "target": "17"}, {"source": "9", "target": "18"}, {"source": "9", "target": "19"}, {"source": "10", "target": "11"}, {"source": "10", "target": "12"}, {"source": "10", "target": "13"}, {"source": "10", "target": "14"}, {"source": "10", "target": "15"}, {"source": "10", "target": "16"}, {"source": "10", "target": "17"}, {"source": "10", "target": "18"}, {"source": "10", "target": "19"}, {"source": "11", "target": "12"}, {"source": "11", "target": "13"}, {"source": "11", "target": "14"}, {"source": "11", "target": "15"}, {"source": "11", "target": "16"}, {"source": "11", "target": "17"}, {"source": "11", "target": "18"}, {"source": "11", "target": "19"}, {"source": "12", "target": "13"}, {"source": "12", "target": "14"}, {"source": "12", "target": "15"}, {"source": "12", "target": "16"}, {"source": "12", "target": "17"}, {"source": "12", "target": "18"}, {"source": "12", "target": "19"}, {"source": "13", "target": "14"}, {"source": "13", "target": "15"}, {"source": "13", "target": "16"}, {"source": "13", "target": "17"}, {"source": "13", "target": "18"}, {"source": "13", "target": "19"}, {"source": "14", "target": "15"}, {"source": "14", "target": "16"}, {"source": "14", "target": "17"}, {"source": "14", "target": "18"}, {"source": "14", "target": "19"}, {"source": "15", "target": "16"}, {"source": "15", "target": "17"}, {"source": "15", "target": "18"}, {"source": "15", "target": "19"}, {"source": "16", "target": "17"}, {"source": "16", "target": "18"}, {"source": "16", "target": "19"}, {"source": "17", "target": "18"}, {"source": "17", "target": "19"}, {"source": "18", "target": "19"}], "weight": [[1.0, 1.0, 1.0, 1.0, 1.0, 1.0, 1.0, 1.0, 1.0, 1.0, 1.0, 1.0, 1.0, 1.0, 1.0, 1.0, 1.0, 1.0, 1.0, 1.0], [1.0, 1.0, 1.0, 1.0, 1.0, 1.0, 1.0, 1.0, 1.0, 1.0, 1.0, 1.0, 1.0, 1.0, 1.0, 1.0, 1.0, 1.0, 1.0, 1.0], [1.0, 1.0, 1.0, 1.0, 1.0, 1.0, 1.0, 1.0, 1.0, 1.0, 1.0, 1.0, 1.0, 1.0, 1.0, 1.0, 1.0, 1.0, 1.0, 1.0], [1.0, 1.0, 1.0, 1.0, 1.0, 1.0, 1.0, 1.0, 1.0, 1.0, 1.0, 1.0, 1.0, 1.0, 1.0, 1.0, 1.0, 1.0, 1.0, 1.0], [1.0, 1.0, 1.0, 1.0, 1.0, 1.0, 1.0, 1.0, 1.0, 1.0, 1.0, 1.0, 1.0, 1.0, 1.0, 1.0, 1.0, 1.0, 1.0, 1.0], [1.0, 1.0, 1.0, 1.0, 1.0, 1.0, 1.0, 1.0, 1.0, 1.0, 1.0, 1.0, 1.0, 1.0, 1.0, 1.0, 1.0, 1.0, 1.0, 1.0], [1.0, 1.0, 1.0, 1.0, 1.0, 1.0, 1.0, 1.0, 1.0, 1.0, 1.0, 1.0, 1.0, 1.0, 1.0, 1.0, 1.0, 1.0, 1.0, 1.0], [1.0, 1.0, 1.0, 1.0, 1.0, 1.0, 1.0, 1.0, 1.0, 1.0, 1.0, 1.0, 1.0, 1.0, 1.0, 1.0, 1.0, 1.0, 1.0, 1.0], [1.0, 1.0, 1.0, 1.0, 1.0, 1.0, 1.0, 1.0, 1.0, 1.0, 1.0, 1.0, 1.0, 1.0, 1.0, 1.0, 1.0, 1.0, 1.0, 1.0], [1.0, 1.0, 1.0, 1.0, 1.0, 1.0, 1.0, 1.0, 1.0, 1.0, 1.0, 1.0, 1.0, 1.0, 1.0, 1.0, 1.0, 1.0, 1.0, 1.0], [1.0, 1.0, 1.0, 1.0, 1.0, 1.0, 1.0, 1.0, 1.0, 1.0, 1.0, 1.0, 1.0, 1.0, 1.0, 1.0, 1.0, 1.0, 1.0, 1.0], [1.0, 1.0, 1.0, 1.0, 1.0, 1.0, 1.0, 1.0, 1.0, 1.0, 1.0, 1.0, 1.0, 1.0, 1.0, 1.0, 1.0, 1.0, 1.0, 1.0], [1.0, 1.0, 1.0, 1.0, 1.0, 1.0, 1.0, 1.0, 1.0, 1.0, 1.0, 1.0, 1.0, 1.0, 1.0, 1.0, 1.0, 1.0, 1.0, 1.0], [1.0, 1.0, 1.0, 1.0, 1.0, 1.0, 1.0, 1.0, 1.0, 1.0, 1.0, 1.0, 1.0, 1.0, 1.0, 1.0, 1.0, 1.0, 1.0, 1.0], [1.0, 1.0, 1.0, 1.0, 1.0, 1.0, 1.0, 1.0, 1.0, 1.0, 1.0, 1.0, 1.0, 1.0, 1.0, 1.0, 1.0, 1.0, 1.0, 1.0], [1.0, 1.0, 1.0, 1.0, 1.0, 1.0, 1.0, 1.0, 1.0, 1.0, 1.0, 1.0, 1.0, 1.0, 1.0, 1.0, 1.0, 1.0, 1.0, 1.0], [1.0, 1.0, 1.0, 1.0, 1.0, 1.0, 1.0, 1.0, 1.0, 1.0, 1.0, 1.0, 1.0, 1.0, 1.0, 1.0, 1.0, 1.0, 1.0, 1.0], [1.0, 1.0, 1.0, 1.0, 1.0, 1.0, 1.0, 1.0, 1.0, 1.0, 1.0, 1.0, 1.0, 1.0, 1.0, 1.0, 1.0, 1.0, 1.0, 1.0], [1.0, 1.0, 1.0, 1.0, 1.0, 1.0, 1.0, 1.0, 1.0, 1.0, 1.0, 1.0, 1.0, 1.0, 1.0, 1.0, 1.0, 1.0, 1.0, 1.0], [1.0, 1.0, 1.0, 1.0, 1.0, 1.0, 1.0, 1.0, 1.0, 1.0, 1.0, 1.0, 1.0, 1.0, 1.0, 1.0, 1.0, 1.0, 1.0, 1.0]], "shortestPath": [[0.0, 1.0, 1.0, 1.0, 1.0, 1.0, 1.0, 1.0, 1.0, 1.0, 1.0, 1.0, 1.0, 1.0, 1.0, 1.0, 1.0, 1.0, 1.0, 1.0], [1.0, 0.0, 1.0, 1.0, 1.0, 1.0, 1.0, 1.0, 1.0, 1.0, 1.0, 1.0, 1.0, 1.0, 1.0, 1.0, 1.0, 1.0, 1.0, 1.0], [1.0, 1.0, 0.0, 1.0, 1.0, 1.0, 1.0, 1.0, 1.0, 1.0, 1.0, 1.0, 1.0, 1.0, 1.0, 1.0, 1.0, 1.0, 1.0, 1.0], [1.0, 1.0, 1.0, 0.0, 1.0, 1.0, 1.0, 1.0, 1.0, 1.0, 1.0, 1.0, 1.0, 1.0, 1.0, 1.0, 1.0, 1.0, 1.0, 1.0], [1.0, 1.0, 1.0, 1.0, 0.0, 1.0, 1.0, 1.0, 1.0, 1.0, 1.0, 1.0, 1.0, 1.0, 1.0, 1.0, 1.0, 1.0, 1.0, 1.0], [1.0, 1.0, 1.0, 1.0, 1.0, 0.0, 1.0, 1.0, 1.0, 1.0, 1.0, 1.0, 1.0, 1.0, 1.0, 1.0, 1.0, 1.0, 1.0, 1.0], [1.0, 1.0, 1.0, 1.0, 1.0, 1.0, 0.0, 1.0, 1.0, 1.0, 1.0, 1.0, 1.0, 1.0, 1.0, 1.0, 1.0, 1.0, 1.0, 1.0], [1.0, 1.0, 1.0, 1.0, 1.0, 1.0, 1.0, 0.0, 1.0, 1.0, 1.0, 1.0, 1.0, 1.0, 1.0, 1.0, 1.0, 1.0, 1.0, 1.0], [1.0, 1.0, 1.0, 1.0, 1.0, 1.0, 1.0, 1.0, 0.0, 1.0, 1.0, 1.0, 1.0, 1.0, 1.0, 1.0, 1.0, 1.0, 1.0, 1.0], [1.0, 1.0, 1.0, 1.0, 1.0, 1.0, 1.0, 1.0, 1.0, 0.0, 1.0, 1.0, 1.0, 1.0, 1.0, 1.0, 1.0, 1.0, 1.0, 1.0], [1.0, 1.0, 1.0, 1.0, 1.0, 1.0, 1.0, 1.0, 1.0, 1.0, 0.0, 1.0, 1.0, 1.0, 1.0, 1.0, 1.0, 1.0, 1.0, 1.0], [1.0, 1.0, 1.0, 1.0, 1.0, 1.0, 1.0, 1.0, 1.0, 1.0, 1.0, 0.0, 1.0, 1.0, 1.0, 1.0, 1.0, 1.0, 1.0, 1.0], [1.0, 1.0, 1.0, 1.0, 1.0, 1.0, 1.0, 1.0, 1.0, 1.0, 1.0, 1.0, 0.0, 1.0, 1.0, 1.0, 1.0, 1.0, 1.0, 1.0], [1.0, 1.0, 1.0, 1.0, 1.0, 1.0, 1.0, 1.0, 1.0, 1.0, 1.0, 1.0, 1.0, 0.0, 1.0, 1.0, 1.0, 1.0, 1.0, 1.0], [1.0, 1.0, 1.0, 1.0, 1.0, 1.0, 1.0, 1.0, 1.0, 1.0, 1.0, 1.0, 1.0, 1.0, 0.0, 1.0, 1.0, 1.0, 1.0, 1.0], [1.0, 1.0, 1.0, 1.0, 1.0, 1.0, 1.0, 1.0, 1.0, 1.0, 1.0, 1.0, 1.0, 1.0, 1.0, 0.0, 1.0, 1.0, 1.0, 1.0], [1.0, 1.0, 1.0, 1.0, 1.0, 1.0, 1.0, 1.0, 1.0, 1.0, 1.0, 1.0, 1.0, 1.0, 1.0, 1.0, 0.0, 1.0, 1.0, 1.0], [1.0, 1.0, 1.0, 1.0, 1.0, 1.0, 1.0, 1.0, 1.0, 1.0, 1.0, 1.0, 1.0, 1.0, 1.0, 1.0, 1.0, 0.0, 1.0, 1.0], [1.0, 1.0, 1.0, 1.0, 1.0, 1.0, 1.0, 1.0, 1.0, 1.0, 1.0, 1.0, 1.0, 1.0, 1.0, 1.0, 1.0, 1.0, 0.0, 1.0], [1.0, 1.0, 1.0, 1.0, 1.0, 1.0, 1.0, 1.0, 1.0, 1.0, 1.0, 1.0, 1.0, 1.0, 1.0, 1.0, 1.0, 1.0, 1.0, 0.0]], "euclideanDistance": [[0.0, 174.86936426244137, 99.26741812652462, 165.7858559598392, 7.692914756196576, 133.66007979817195, 86.93377010458586, 155.79932566317268, 220.14188754403742, 317.56735859250495, 304.74922565713933, 212.5440567875749, 301.88321485879226, 323.4340698682915, 262.14057197210064, 141.06176345953577, 29.320441016560228, 263.87398092094776, 193.77479327033228, 72.71616860591743], [174.86936426244137, 0.0, 257.72030907961016, 137.5341222636475, 178.8810898792126, 126.5587922084318, 165.9551870344038, 25.72952078649923, 95.98711249106017, 253.70040487790212, 240.2599371462267, 96.87732668928194, 136.88388144799984, 353.8667188118147, 123.88930379628273, 119.76806361915291, 197.95413355624515, 325.0808970215113, 18.916327361108028, 109.68375368713883], [99.26741812652462, 257.72030907961016, 0.0, 264.7137719408793, 91.98618251750894, 169.77294801709775, 180.6689742595116, 243.50915949124953, 316.53598598179576, 325.38038738123396, 314.75257193700656, 309.5672934559341, 368.7390616158148, 276.1939376602841, 316.81149258829424, 180.16961117156953, 69.94929111933476, 206.10889617081233, 276.20169115357254, 169.13617042032533], [165.7858559598392, 137.5341222636475, 264.7137719408793, 0.0, 173.31519072465915, 219.40661598649413, 91.27128572623089, 114.40242371722961, 92.56816168777017, 383.8202116197373, 370.08218813595516, 82.23986857609574, 262.6811774733155, 452.231018749069, 261.2221756310329, 218.5049683634479, 194.94127765282627, 406.2518672898309, 146.58633247628848, 106.37060811214425], [7.692914756196576, 178.8810898792126, 91.98618251750894, 173.31519072465915, 0.0, 131.78468764064934, 94.51995403877974, 160.479842457578, 226.50704861414874, 314.7045462077122, 302.0065268061008, 219.0451872099665, 304.29885801587966, 317.19606278806987, 263.14402739378073, 139.59245669986484, 22.171425704095128, 257.0410953588471, 197.79740093986277, 78.82501969028841], [133.66007979817195, 126.5587922084318, 169.77294801709775, 219.40661598649413, 131.78468764064934, 0.0, 188.3980020973356, 128.61024315871006, 217.15972892550914, 185.51346394338955, 172.32422113683637, 215.13121078746394, 203.88205276120044, 234.85455416547484, 147.59402744196208, 10.599353446805207, 138.32319927862463, 199.1883112429781, 140.03960970954034, 124.0764571089131], [86.93377010458586, 165.9551870344038, 180.6689742595116, 91.27128572623089, 94.51995403877974, 188.3980020973356, 0.0, 140.67378188059686, 169.73537280353852, 371.5387285119738, 357.96549944411834, 160.10622644500566, 302.8382183003094, 403.6640140774177, 280.8964375293968, 191.95804427441024, 113.53420688956719, 347.9394428785381, 182.3593086942105, 67.70884613232904], [155.79932566317268, 25.72952078649923, 243.50915949124953, 114.40242371722961, 160.479842457578, 128.61024315871006, 140.67378188059686, 0.0, 88.5647934134421, 271.9219783894762, 258.30055003956056, 86.739936179597, 162.27593163838992, 361.30627816395906, 148.4523030507204, 123.62306080526446, 180.61813597499508, 327.6063986465204, 41.84603363728282, 87.26373623011654], [220.14188754403742, 95.98711249106017, 316.53598598179576, 92.56816168777017, 226.50704861414874, 217.15972892550914, 169.73537280353852, 88.5647934134421, 0.0, 345.95905733257035, 332.8423359916686, 10.333915543602505, 185.42478193849237, 448.82435132429833, 202.17131100852177, 211.93834854322495, 248.4552292251986, 416.15931745435216, 92.24305245883895, 147.76169444221355], [317.56735859250495, 253.70040487790212, 325.38038738123396, 383.8202116197373, 314.7045462077122, 185.51346394338955, 371.5387285119738, 271.9219783894762, 345.95905733257035, 0.0, 13.774952514553771, 348.868386572858, 212.89445682915277, 177.25413161596973, 155.45572548815383, 180.2783848664603, 316.9823186298604, 207.64690479478637, 253.82165497919812, 304.6831729673763], [304.74922565713933, 240.2599371462267, 314.75257193700656, 370.08218813595516, 302.0065268061008, 172.32422113683637, 357.96549944411834, 258.30055003956056, 332.8423359916686, 13.774952514553771, 0.0, 335.6346124515509, 203.38021764157148, 179.40715739075557, 144.2728777598827, 166.90031377827404, 304.69627507979305, 204.9198736214066, 240.65144701660316, 291.0420105803245], [212.5440567875749, 96.87732668928194, 309.5672934559341, 82.23986857609574, 219.0451872099665, 215.13121078746394, 160.10622644500566, 86.739936179597, 10.333915543602505, 348.868386572858, 335.6346124515509, 0.0, 193.17938029264775, 447.9383008154218, 207.2796763242158, 210.35495484014785, 241.07963440328814, 413.72581149606066, 95.13347246134842, 140.5078689672328], [301.88321485879226, 136.88388144799984, 368.7390616158148, 262.6811774733155, 304.29885801587966, 203.88205276120044, 302.8382183003094, 162.27593163838992, 185.42478193849237, 212.89445682915277, 203.38021764157148, 193.17938029264775, 0.0, 368.8091717738646, 66.7797286302863, 193.3689292607779, 320.11944756684693, 367.2369344789244, 121.09697580455484, 244.26455255553608], [323.4340698682915, 353.8667188118147, 276.1939376602841, 452.231018749069, 317.19606278806987, 234.85455416547484, 403.6640140774177, 361.30627816395906, 448.82435132429833, 177.25413161596973, 179.40715739075557, 447.9383008154218, 368.8091717738646, 0.0, 302.9056019206486, 238.1875049346979, 307.1700205680965, 73.49421292571222, 362.6968430610488, 349.7798406165787], [262.14057197210064, 123.88930379628273, 316.81149258829424, 261.2221756310329, 263.14402739378073, 147.59402744196208, 280.8964375293968, 148.4523030507204, 202.17131100852177, 155.45572548815383, 144.2728777598827, 207.2796763242158, 66.7797286302863, 302.9056019206486, 0.0, 137.03419296536413, 275.9757328467148, 300.5724819554836, 115.69406465896805, 215.9363083474783], [141.06176345953577, 119.76806361915291, 180.16961117156953, 218.5049683634479, 139.59245669986484, 10.599353446805207, 191.95804427441024, 123.62306080526446, 211.93834854322495, 180.2783848664603, 166.90031377827404, 210.35495484014785, 193.3689292607779, 238.1875049346979, 137.03419296536413, 0.0, 147.12219844613497, 205.3318358561255, 132.428818933823, 126.38167460917346], [29.320441016560228, 197.95413355624515, 69.94929111933476, 194.94127765282627, 22.171425704095128, 138.32319927862463, 113.53420688956719, 180.61813597499508, 248.4552292251986, 316.9823186298604, 304.69627507979305, 241.07963440328814, 320.11944756684693, 307.1700205680965, 275.9757328467148, 147.12219844613497, 0.0, 244.28650301715197, 216.8378547241182, 100.70040084374993], [263.87398092094776, 325.0808970215113, 206.10889617081233, 406.2518672898309, 257.0410953588471, 199.1883112429781, 347.9394428785381, 327.6063986465204, 416.15931745435216, 207.64690479478637, 204.9198736214066, 413.72581149606066, 367.2369344789244, 73.49421292571222, 300.5724819554836, 205.3318358561255, 244.28650301715197, 0.0, 337.03741207492385, 300.67045860389635], [193.77479327033228, 18.916327361108028, 276.20169115357254, 146.58633247628848, 197.79740093986277, 140.03960970954034, 182.3593086942105, 41.84603363728282, 92.24305245883895, 253.82165497919812, 240.65144701660316, 95.13347246134842, 121.09697580455484, 362.6968430610488, 115.69406465896805, 132.428818933823, 216.8378547241182, 337.03741207492385, 0.0, 128.01876401095143], [72.71616860591743, 109.68375368713883, 169.13617042032533, 106.37060811214425, 78.82501969028841, 124.0764571089131, 67.70884613232904, 87.26373623011654, 147.76169444221355, 304.6831729673763, 291.0420105803245, 140.5078689672328, 244.26455255553608, 349.7798406165787, 215.9363083474783, 126.38167460917346, 100.70040084374993, 300.67045860389635, 128.01876401095143, 0.0]]}