{"name": "karate_random", "nodes": [{"index": 0, "id": "0", "x": 10.0, "y": 440.00000000000006}, {"index": 1, "id": "1", "x": 440.00000000000006, "y": 295.9341137633336}, {"index": 2, "id": "2", "x": 322.47953957261234, "y": 74.26059966627884}, {"index": 3, "id": "3", "x": 135.5134793453236, "y": 10.0}, {"index": 4, "id": "4", "x": 158.92597730649447, "y": 39.563154619470595}, {"index": 5, "id": "5", "x": 437.23721521004603, "y": 260.1894754825098}, {"index": 6, "id": "6", "x": 303.7485192552315, "y": 48.21941730647863}, {"index": 7, "id": "7", "x": 247.0670166000181, "y": 281.5612428269472}, {"index": 8, "id": "8", "x": 363.982943870153, "y": 283.3990379670993}, {"index": 9, "id": "9", "x": 251.0321786983247, "y": 354.8641910285075}, {"index": 10, "id": "10", "x": 238.7756317728409, "y": 389.2355189813268}, {"index": 11, "id": "11", "x": 31.65881628727655, "y": 424.4398478751384}, {"index": 12, "id": "12", "x": 181.36743587740472, "y": 24.466429478698455}, {"index": 13, "id": "13", "x": 305.06765404167777, "y": 105.38764518529008}, {"index": 14, "id": "14", "x": 163.32499542683945, "y": 423.89610069817496}, {"index": 15, "id": "15", "x": 144.5216978729186, "y": 358.5753766941542}, {"index": 16, "id": "16", "x": 20.282758720096194, "y": 209.81486971374275}, {"index": 17, "id": "17", "x": 95.53217208809042, "y": 126.10982849392866}, {"index": 18, "id": "18", "x": 35.68190200479028, "y": 60.52979478097548}, {"index": 19, "id": "19", "x": 232.13852579851454, "y": 212.1054757052485}, {"index": 20, "id": "20", "x": 128.94163180403115, "y": 14.763113327088657}, {"index": 21, "id": "21", "x": 265.6930038052672, "y": 340.9037377630377}, {"index": 22, "id": "22", "x": 117.38351748207904, "y": 430.9437043023802}, {"index": 23, "id": "23", "x": 209.60299629151018, "y": 224.50271906096586}, {"index": 24, "id": "24", "x": 288.65109203401124, "y": 110.73141865552674}, {"index": 25, "id": "25", "x": 368.06760799505605, "y": 97.04975889147505}, {"index": 26, "id": "26", "x": 100.72128372232117, "y": 435.5172124938554}, {"index": 27, "id": "27", "x": 164.07611422500517, "y": 325.6275666069136}, {"index": 28, "id": "28", "x": 96.82387994655451, "y": 128.36119526751983}, {"index": 29, "id": "29", "x": 313.3937777116881, "y": 298.95792648105896}, {"index": 30, "id": "30", "x": 415.61858795167063, "y": 299.7679052602275}, {"index": 31, "id": "31", "x": 17.090514224119087, "y": 138.83676872798856}, {"index": 32, "id": "32", "x": 439.0722027983848, "y": 323.3229939071378}, {"index": 33, "id": "33", "x": 260.9189704401011, "y": 292.52104698607184}], "edges": [{"source": "0", "target": "1"}, {"source": "0", "target": "2"}, {"source": "0", "target": "3"}, {"source": "0", "target": "4"}, {"source": "0", "target": "5"}, {"source": "0", "target": "6"}, {"source": "0", "target": "7"}, {"source": "0", "target": "8"}, {"source": "0", "target": "10"}, {"source": "0", "target": "11"}, {"source": "0", "target": "12"}, {"source": "0", "target": "13"}, {"source": "0", "target": "17"}, {"source": "0", "target": "19"}, {"source": "0", "target": "21"}, {"source": "0", "target": "31"}, {"source": "1", "target": "2"}, {"source": "1", "target": "3"}, {"source": "1", "target": "7"}, {"source": "1", "target": "13"}, {"source": "1", "target": "17"}, {"source": "1", "target": "19"}, {"source": "1", "target": "21"}, {"source": "1", "target": "30"}, {"source": "2", "target": "3"}, {"source": "2", "target": "7"}, {"source": "2", "target": "8"}, {"source": "2", "target": "9"}, {"source": "2", "target": "13"}, {"source": "2", "target": "27"}, {"source": "2", "target": "28"}, {"source": "2", "target": "32"}, {"source": "3", "target": "7"}, {"source": "3", "target": "12"}, {"source": "3", "target": "13"}, {"source": "4", "target": "6"}, {"source": "4", "target": "10"}, {"source": "5", "target": "6"}, {"source": "5", "target": "10"}, {"source": "5", "target": "16"}, {"source": "6", "target": "16"}, {"source": "8", "target": "30"}, {"source": "8", "target": "32"}, {"source": "8", "target": "33"}, {"source": "9", "target": "33"}, {"source": "13", "target": "33"}, {"source": "14", "target": "32"}, {"source": "14", "target": "33"}, {"source": "15", "target": "32"}, {"source": "15", "target": "33"}, {"source": "18", "target": "32"}, {"source": "18", "target": "33"}, {"source": "19", "target": "33"}, {"source": "20", "target": "32"}, {"source": "20", "target": "33"}, {"source": "22", "target": "32"}, {"source": "22", "target": "33"}, {"source": "23", "target": "25"}, {"source": "23", "target": "27"}, {"source": "23", "target": "29"}, {"source": "23", "target": "32"}, {"source": "23", "target": "33"}, {"source": "24", "target": "25"}, {"source": "24", "target": "27"}, {"source": "24", "target": "31"}, {"source": "25", "target": "31"}, {"source": "26", "target": "29"}, {"source": "26", "target": "33"}, {"source": "27", "target": "33"}, {"source": "28", "target": "31"}, {"source": "28", "target": "33"}, {"source": "29", "target": "32"}, {"source": "29", "target": "33"}, {"source": "30", "target": "32"}, {"source": "30", "target": "33"}, {"source": "31", "target": "32"}, {"source": "31", "target": "33"}, {"source": "32", "target": "33"}], "weight": [[1.0, 1.0, 1.0, 1.0, 1.0, 1.0, 1.0, 1.0, 1.0, 0.25, 1.0, 1.0, 1.0, 1.0, 0.1111111119389534, 0.1111111119389534, 0.25, 1.0, 0.1111111119389534, 1.0, 0.1111111119389534, 1.0, 0.1111111119389534, 0.1111111119389534, 0.25, 0.25, 0.1111111119389534, 0.25, 0.25, 0.1111111119389534, 0.25, 1.0, 0.25, 0.25], [1.0, 1.0, 1.0, 1.0, 0.25, 0.25, 0.25, 1.0, 0.25, 0.25, 0.25, 0.25, 0.25, 1.0, 0.1111111119389534, 0.1111111119389534, 0.1111111119389534, 1.0, 0.1111111119389534, 1.0, 0.1111111119389534, 1.0, 0.1111111119389534, 0.1111111119389534, 0.1111111119389534, 0.1111111119389534, 0.1111111119389534, 0.25, 0.25, 0.1111111119389534, 1.0, 0.25, 0.25, 0.25], [1.0, 1.0, 1.0, 1.0, 0.25, 0.25, 0.25, 1.0, 1.0, 1.0, 0.25, 0.25, 0.25, 1.0, 0.25, 0.25, 0.1111111119389534, 0.25, 0.25, 0.25, 0.25, 0.25, 0.25, 0.25, 0.25, 0.1111111119389534, 0.1111111119389534, 1.0, 1.0, 0.25, 0.25, 0.25, 1.0, 0.25], [1.0, 1.0, 1.0, 1.0, 0.25, 0.25, 0.25, 1.0, 0.25, 0.25, 0.25, 0.25, 1.0, 1.0, 0.1111111119389534, 0.1111111119389534, 0.1111111119389534, 0.25, 0.1111111119389534, 0.25, 0.1111111119389534, 0.25, 0.1111111119389534, 0.1111111119389534, 0.1111111119389534, 0.1111111119389534, 0.1111111119389534, 0.25, 0.25, 0.1111111119389534, 0.25, 0.25, 0.25, 0.25], [1.0, 0.25, 0.25, 0.25, 1.0, 0.25, 1.0, 0.25, 0.25, 0.1111111119389534, 1.0, 0.25, 0.25, 0.25, 0.0625, 0.0625, 0.25, 0.25, 0.0625, 0.25, 0.0625, 0.25, 0.0625, 0.0625, 0.1111111119389534, 0.1111111119389534, 0.0625, 0.1111111119389534, 0.1111111119389534, 0.0625, 0.1111111119389534, 0.25, 0.1111111119389534, 0.1111111119389534], [1.0, 0.25, 0.25, 0.25, 0.25, 1.0, 1.0, 0.25, 0.25, 0.1111111119389534, 1.0, 0.25, 0.25, 0.25, 0.0625, 0.0625, 1.0, 0.25, 0.0625, 0.25, 0.0625, 0.25, 0.0625, 0.0625, 0.1111111119389534, 0.1111111119389534, 0.0625, 0.1111111119389534, 0.1111111119389534, 0.0625, 0.1111111119389534, 0.25, 0.1111111119389534, 0.1111111119389534], [1.0, 0.25, 0.25, 0.25, 1.0, 1.0, 1.0, 0.25, 0.25, 0.1111111119389534, 0.25, 0.25, 0.25, 0.25, 0.0625, 0.0625, 1.0, 0.25, 0.0625, 0.25, 0.0625, 0.25, 0.0625, 0.0625, 0.1111111119389534, 0.1111111119389534, 0.0625, 0.1111111119389534, 0.1111111119389534, 0.0625, 0.1111111119389534, 0.25, 0.1111111119389534, 0.1111111119389534], [1.0, 1.0, 1.0, 1.0, 0.25, 0.25, 0.25, 1.0, 0.25, 0.25, 0.25, 0.25, 0.25, 0.25, 0.1111111119389534, 0.1111111119389534, 0.1111111119389534, 0.25, 0.1111111119389534, 0.25, 0.1111111119389534, 0.25, 0.1111111119389534, 0.1111111119389534, 0.1111111119389534, 0.1111111119389534, 0.0625, 0.25, 0.25, 0.1111111119389534, 0.25, 0.25, 0.25, 0.1111111119389534], [1.0, 0.25, 1.0, 0.25, 0.25, 0.25, 0.25, 0.25, 1.0, 0.25, 0.25, 0.25, 0.25, 0.25, 0.25, 0.25, 0.1111111119389534, 0.25, 0.25, 0.25, 0.25, 0.25, 0.25, 0.25, 0.1111111119389534, 0.1111111119389534, 0.25, 0.25, 0.25, 0.25, 1.0, 0.25, 1.0, 1.0], [0.25, 0.25, 1.0, 0.25, 0.1111111119389534, 0.1111111119389534, 0.1111111119389534, 0.25, 0.25, 1.0, 0.1111111119389534, 0.1111111119389534, 0.1111111119389534, 0.25, 0.25, 0.25, 0.0625, 0.1111111119389534, 0.25, 0.25, 0.25, 0.1111111119389534, 0.25, 0.25, 0.1111111119389534, 0.1111111119389534, 0.25, 0.25, 0.25, 0.25, 0.25, 0.25, 0.25, 1.0], [1.0, 0.25, 0.25, 0.25, 1.0, 1.0, 0.25, 0.25, 0.25, 0.1111111119389534, 1.0, 0.25, 0.25, 0.25, 0.0625, 0.0625, 0.25, 0.25, 0.0625, 0.25, 0.0625, 0.25, 0.0625, 0.0625, 0.1111111119389534, 0.1111111119389534, 0.0625, 0.1111111119389534, 0.1111111119389534, 0.0625, 0.1111111119389534, 0.25, 0.1111111119389534, 0.1111111119389534], [1.0, 0.25, 0.25, 0.25, 0.25, 0.25, 0.25, 0.25, 0.25, 0.1111111119389534, 0.25, 1.0, 0.25, 0.25, 0.0625, 0.0625, 0.1111111119389534, 0.25, 0.0625, 0.25, 0.0625, 0.25, 0.0625, 0.0625, 0.1111111119389534, 0.1111111119389534, 0.0625, 0.1111111119389534, 0.1111111119389534, 0.0625, 0.1111111119389534, 0.25, 0.1111111119389534, 0.1111111119389534], [1.0, 0.25, 0.25, 1.0, 0.25, 0.25, 0.25, 0.25, 0.25, 0.1111111119389534, 0.25, 0.25, 1.0, 0.25, 0.0625, 0.0625, 0.1111111119389534, 0.25, 0.0625, 0.25, 0.0625, 0.25, 0.0625, 0.0625, 0.1111111119389534, 0.1111111119389534, 0.0625, 0.1111111119389534, 0.1111111119389534, 0.0625, 0.1111111119389534, 0.25, 0.1111111119389534, 0.1111111119389534], [1.0, 1.0, 1.0, 1.0, 0.25, 0.25, 0.25, 0.25, 0.25, 0.25, 0.25, 0.25, 0.25, 1.0, 0.25, 0.25, 0.1111111119389534, 0.25, 0.25, 0.25, 0.25, 0.25, 0.25, 0.25, 0.1111111119389534, 0.1111111119389534, 0.25, 0.25, 0.25, 0.25, 0.25, 0.25, 0.25, 1.0], [0.1111111119389534, 0.1111111119389534, 0.25, 0.1111111119389534, 0.0625, 0.0625, 0.0625, 0.1111111119389534, 0.25, 0.25, 0.0625, 0.0625, 0.0625, 0.25, 1.0, 0.25, 0.03999999910593033, 0.0625, 0.25, 0.25, 0.25, 0.0625, 0.25, 0.25, 0.1111111119389534, 0.1111111119389534, 0.25, 0.25, 0.25, 0.25, 0.25, 0.25, 1.0, 1.0], [0.1111111119389534, 0.1111111119389534, 0.25, 0.1111111119389534, 0.0625, 0.0625, 0.0625, 0.1111111119389534, 0.25, 0.25, 0.0625, 0.0625, 0.0625, 0.25, 0.25, 1.0, 0.03999999910593033, 0.0625, 0.25, 0.25, 0.25, 0.0625, 0.25, 0.25, 0.1111111119389534, 0.1111111119389534, 0.25, 0.25, 0.25, 0.25, 0.25, 0.25, 1.0, 1.0], [0.25, 0.1111111119389534, 0.1111111119389534, 0.1111111119389534, 0.25, 1.0, 1.0, 0.1111111119389534, 0.1111111119389534, 0.0625, 0.25, 0.1111111119389534, 0.1111111119389534, 0.1111111119389534, 0.03999999910593033, 0.03999999910593033, 1.0, 0.1111111119389534, 0.03999999910593033, 0.1111111119389534, 0.03999999910593033, 0.1111111119389534, 0.03999999910593033, 0.03999999910593033, 0.0625, 0.0625, 0.03999999910593033, 0.0625, 0.0625, 0.03999999910593033, 0.0625, 0.1111111119389534, 0.0625, 0.0625], [1.0, 1.0, 0.25, 0.25, 0.25, 0.25, 0.25, 0.25, 0.25, 0.1111111119389534, 0.25, 0.25, 0.25, 0.25, 0.0625, 0.0625, 0.1111111119389534, 1.0, 0.0625, 0.25, 0.0625, 0.25, 0.0625, 0.0625, 0.1111111119389534, 0.1111111119389534, 0.0625, 0.1111111119389534, 0.1111111119389534, 0.0625, 0.25, 0.25, 0.1111111119389534, 0.1111111119389534], [0.1111111119389534, 0.1111111119389534, 0.25, 0.1111111119389534, 0.0625, 0.0625, 0.0625, 0.1111111119389534, 0.25, 0.25, 0.0625, 0.0625, 0.0625, 0.25, 0.25, 0.25, 0.03999999910593033, 0.0625, 1.0, 0.25, 0.25, 0.0625, 0.25, 0.25, 0.1111111119389534, 0.1111111119389534, 0.25, 0.25, 0.25, 0.25, 0.25, 0.25, 1.0, 1.0], [1.0, 1.0, 0.25, 0.25, 0.25, 0.25, 0.25, 0.25, 0.25, 0.25, 0.25, 0.25, 0.25, 0.25, 0.25, 0.25, 0.1111111119389534, 0.25, 0.25, 1.0, 0.25, 0.25, 0.25, 0.25, 0.1111111119389534, 0.1111111119389534, 0.25, 0.25, 0.25, 0.25, 0.25, 0.25, 0.25, 1.0], [0.1111111119389534, 0.1111111119389534, 0.25, 0.1111111119389534, 0.0625, 0.0625, 0.0625, 0.1111111119389534, 0.25, 0.25, 0.0625, 0.0625, 0.0625, 0.25, 0.25, 0.25, 0.03999999910593033, 0.0625, 0.25, 0.25, 1.0, 0.0625, 0.25, 0.25, 0.1111111119389534, 0.1111111119389534, 0.25, 0.25, 0.25, 0.25, 0.25, 0.25, 1.0, 1.0], [1.0, 1.0, 0.25, 0.25, 0.25, 0.25, 0.25, 0.25, 0.25, 0.1111111119389534, 0.25, 0.25, 0.25, 0.25, 0.0625, 0.0625, 0.1111111119389534, 0.25, 0.0625, 0.25, 0.0625, 1.0, 0.0625, 0.0625, 0.1111111119389534, 0.1111111119389534, 0.0625, 0.1111111119389534, 0.1111111119389534, 0.0625, 0.25, 0.25, 0.1111111119389534, 0.1111111119389534], [0.1111111119389534, 0.1111111119389534, 0.25, 0.1111111119389534, 0.0625, 0.0625, 0.0625, 0.1111111119389534, 0.25, 0.25, 0.0625, 0.0625, 0.0625, 0.25, 0.25, 0.25, 0.03999999910593033, 0.0625, 0.25, 0.25, 0.25, 0.0625, 1.0, 0.25, 0.1111111119389534, 0.1111111119389534, 0.25, 0.25, 0.25, 0.25, 0.25, 0.25, 1.0, 1.0], [0.1111111119389534, 0.1111111119389534, 0.25, 0.1111111119389534, 0.0625, 0.0625, 0.0625, 0.1111111119389534, 0.25, 0.25, 0.0625, 0.0625, 0.0625, 0.25, 0.25, 0.25, 0.03999999910593033, 0.0625, 0.25, 0.25, 0.25, 0.0625, 0.25, 1.0, 0.25, 1.0, 0.25, 1.0, 0.25, 1.0, 0.25, 0.25, 1.0, 1.0], [0.25, 0.1111111119389534, 0.25, 0.1111111119389534, 0.1111111119389534, 0.1111111119389534, 0.1111111119389534, 0.1111111119389534, 0.1111111119389534, 0.1111111119389534, 0.1111111119389534, 0.1111111119389534, 0.1111111119389534, 0.1111111119389534, 0.1111111119389534, 0.1111111119389534, 0.0625, 0.1111111119389534, 0.1111111119389534, 0.1111111119389534, 0.1111111119389534, 0.1111111119389534, 0.1111111119389534, 0.25, 1.0, 1.0, 0.1111111119389534, 1.0, 0.25, 0.1111111119389534, 0.1111111119389534, 1.0, 0.25, 0.25], [0.25, 0.1111111119389534, 0.1111111119389534, 0.1111111119389534, 0.1111111119389534, 0.1111111119389534, 0.1111111119389534, 0.1111111119389534, 0.1111111119389534, 0.1111111119389534, 0.1111111119389534, 0.1111111119389534, 0.1111111119389534, 0.1111111119389534, 0.1111111119389534, 0.1111111119389534, 0.0625, 0.1111111119389534, 0.1111111119389534, 0.1111111119389534, 0.1111111119389534, 0.1111111119389534, 0.1111111119389534, 1.0, 1.0, 1.0, 0.1111111119389534, 0.25, 0.25, 0.25, 0.1111111119389534, 1.0, 0.25, 0.25], [0.1111111119389534, 0.1111111119389534, 0.1111111119389534, 0.1111111119389534, 0.0625, 0.0625, 0.0625, 0.0625, 0.25, 0.25, 0.0625, 0.0625, 0.0625, 0.25, 0.25, 0.25, 0.03999999910593033, 0.0625, 0.25, 0.25, 0.25, 0.0625, 0.25, 0.25, 0.1111111119389534, 0.1111111119389534, 1.0, 0.25, 0.25, 1.0, 0.25, 0.25, 0.25, 1.0], [0.25, 0.25, 1.0, 0.25, 0.1111111119389534, 0.1111111119389534, 0.1111111119389534, 0.25, 0.25, 0.25, 0.1111111119389534, 0.1111111119389534, 0.1111111119389534, 0.25, 0.25, 0.25, 0.0625, 0.1111111119389534, 0.25, 0.25, 0.25, 0.1111111119389534, 0.25, 1.0, 1.0, 0.25, 0.25, 1.0, 0.25, 0.25, 0.25, 0.25, 0.25, 1.0], [0.25, 0.25, 1.0, 0.25, 0.1111111119389534, 0.1111111119389534, 0.1111111119389534, 0.25, 0.25, 0.25, 0.1111111119389534, 0.1111111119389534, 0.1111111119389534, 0.25, 0.25, 0.25, 0.0625, 0.1111111119389534, 0.25, 0.25, 0.25, 0.1111111119389534, 0.25, 0.25, 0.25, 0.25, 0.25, 0.25, 1.0, 0.25, 0.25, 1.0, 0.25, 1.0], [0.1111111119389534, 0.1111111119389534, 0.25, 0.1111111119389534, 0.0625, 0.0625, 0.0625, 0.1111111119389534, 0.25, 0.25, 0.0625, 0.0625, 0.0625, 0.25, 0.25, 0.25, 0.03999999910593033, 0.0625, 0.25, 0.25, 0.25, 0.0625, 0.25, 1.0, 0.1111111119389534, 0.25, 1.0, 0.25, 0.25, 1.0, 0.25, 0.25, 1.0, 1.0], [0.25, 1.0, 0.25, 0.25, 0.1111111119389534, 0.1111111119389534, 0.1111111119389534, 0.25, 1.0, 0.25, 0.1111111119389534, 0.1111111119389534, 0.1111111119389534, 0.25, 0.25, 0.25, 0.0625, 0.25, 0.25, 0.25, 0.25, 0.25, 0.25, 0.25, 0.1111111119389534, 0.1111111119389534, 0.25, 0.25, 0.25, 0.25, 1.0, 0.25, 1.0, 1.0], [1.0, 0.25, 0.25, 0.25, 0.25, 0.25, 0.25, 0.25, 0.25, 0.25, 0.25, 0.25, 0.25, 0.25, 0.25, 0.25, 0.1111111119389534, 0.25, 0.25, 0.25, 0.25, 0.25, 0.25, 0.25, 1.0, 1.0, 0.25, 0.25, 1.0, 0.25, 0.25, 1.0, 1.0, 1.0], [0.25, 0.25, 1.0, 0.25, 0.1111111119389534, 0.1111111119389534, 0.1111111119389534, 0.25, 1.0, 0.25, 0.1111111119389534, 0.1111111119389534, 0.1111111119389534, 0.25, 1.0, 1.0, 0.0625, 0.1111111119389534, 1.0, 0.25, 1.0, 0.1111111119389534, 1.0, 1.0, 0.25, 0.25, 0.25, 0.25, 0.25, 1.0, 1.0, 1.0, 1.0, 1.0], [0.25, 0.25, 0.25, 0.25, 0.1111111119389534, 0.1111111119389534, 0.1111111119389534, 0.1111111119389534, 1.0, 1.0, 0.1111111119389534, 0.1111111119389534, 0.1111111119389534, 1.0, 1.0, 1.0, 0.0625, 0.1111111119389534, 1.0, 1.0, 1.0, 0.1111111119389534, 1.0, 1.0, 0.25, 0.25, 1.0, 1.0, 1.0, 1.0, 1.0, 1.0, 1.0, 1.0]], "shortestPath": [[0.0, 1.0, 1.0, 1.0, 1.0, 1.0, 1.0, 1.0, 1.0, 2.0, 1.0, 1.0, 1.0, 1.0, 3.0, 3.0, 2.0, 1.0, 3.0, 1.0, 3.0, 1.0, 3.0, 3.0, 2.0, 2.0, 3.0, 2.0, 2.0, 3.0, 2.0, 1.0, 2.0, 2.0], [1.0, 0.0, 1.0, 1.0, 2.0, 2.0, 2.0, 1.0, 2.0, 2.0, 2.0, 2.0, 2.0, 1.0, 3.0, 3.0, 3.0, 1.0, 3.0, 1.0, 3.0, 1.0, 3.0, 3.0, 3.0, 3.0, 3.0, 2.0, 2.0, 3.0, 1.0, 2.0, 2.0, 2.0], [1.0, 1.0, 0.0, 1.0, 2.0, 2.0, 2.0, 1.0, 1.0, 1.0, 2.0, 2.0, 2.0, 1.0, 2.0, 2.0, 3.0, 2.0, 2.0, 2.0, 2.0, 2.0, 2.0, 2.0, 2.0, 3.0, 3.0, 1.0, 1.0, 2.0, 2.0, 2.0, 1.0, 2.0], [1.0, 1.0, 1.0, 0.0, 2.0, 2.0, 2.0, 1.0, 2.0, 2.0, 2.0, 2.0, 1.0, 1.0, 3.0, 3.0, 3.0, 2.0, 3.0, 2.0, 3.0, 2.0, 3.0, 3.0, 3.0, 3.0, 3.0, 2.0, 2.0, 3.0, 2.0, 2.0, 2.0, 2.0], [1.0, 2.0, 2.0, 2.0, 0.0, 2.0, 1.0, 2.0, 2.0, 3.0, 1.0, 2.0, 2.0, 2.0, 4.0, 4.0, 2.0, 2.0, 4.0, 2.0, 4.0, 2.0, 4.0, 4.0, 3.0, 3.0, 4.0, 3.0, 3.0, 4.0, 3.0, 2.0, 3.0, 3.0], [1.0, 2.0, 2.0, 2.0, 2.0, 0.0, 1.0, 2.0, 2.0, 3.0, 1.0, 2.0, 2.0, 2.0, 4.0, 4.0, 1.0, 2.0, 4.0, 2.0, 4.0, 2.0, 4.0, 4.0, 3.0, 3.0, 4.0, 3.0, 3.0, 4.0, 3.0, 2.0, 3.0, 3.0], [1.0, 2.0, 2.0, 2.0, 1.0, 1.0, 0.0, 2.0, 2.0, 3.0, 2.0, 2.0, 2.0, 2.0, 4.0, 4.0, 1.0, 2.0, 4.0, 2.0, 4.0, 2.0, 4.0, 4.0, 3.0, 3.0, 4.0, 3.0, 3.0, 4.0, 3.0, 2.0, 3.0, 3.0], [1.0, 1.0, 1.0, 1.0, 2.0, 2.0, 2.0, 0.0, 2.0, 2.0, 2.0, 2.0, 2.0, 2.0, 3.0, 3.0, 3.0, 2.0, 3.0, 2.0, 3.0, 2.0, 3.0, 3.0, 3.0, 3.0, 4.0, 2.0, 2.0, 3.0, 2.0, 2.0, 2.0, 3.0], [1.0, 2.0, 1.0, 2.0, 2.0, 2.0, 2.0, 2.0, 0.0, 2.0, 2.0, 2.0, 2.0, 2.0, 2.0, 2.0, 3.0, 2.0, 2.0, 2.0, 2.0, 2.0, 2.0, 2.0, 3.0, 3.0, 2.0, 2.0, 2.0, 2.0, 1.0, 2.0, 1.0, 1.0], [2.0, 2.0, 1.0, 2.0, 3.0, 3.0, 3.0, 2.0, 2.0, 0.0, 3.0, 3.0, 3.0, 2.0, 2.0, 2.0, 4.0, 3.0, 2.0, 2.0, 2.0, 3.0, 2.0, 2.0, 3.0, 3.0, 2.0, 2.0, 2.0, 2.0, 2.0, 2.0, 2.0, 1.0], [1.0, 2.0, 2.0, 2.0, 1.0, 1.0, 2.0, 2.0, 2.0, 3.0, 0.0, 2.0, 2.0, 2.0, 4.0, 4.0, 2.0, 2.0, 4.0, 2.0, 4.0, 2.0, 4.0, 4.0, 3.0, 3.0, 4.0, 3.0, 3.0, 4.0, 3.0, 2.0, 3.0, 3.0], [1.0, 2.0, 2.0, 2.0, 2.0, 2.0, 2.0, 2.0, 2.0, 3.0, 2.0, 0.0, 2.0, 2.0, 4.0, 4.0, 3.0, 2.0, 4.0, 2.0, 4.0, 2.0, 4.0, 4.0, 3.0, 3.0, 4.0, 3.0, 3.0, 4.0, 3.0, 2.0, 3.0, 3.0], [1.0, 2.0, 2.0, 1.0, 2.0, 2.0, 2.0, 2.0, 2.0, 3.0, 2.0, 2.0, 0.0, 2.0, 4.0, 4.0, 3.0, 2.0, 4.0, 2.0, 4.0, 2.0, 4.0, 4.0, 3.0, 3.0, 4.0, 3.0, 3.0, 4.0, 3.0, 2.0, 3.0, 3.0], [1.0, 1.0, 1.0, 1.0, 2.0, 2.0, 2.0, 2.0, 2.0, 2.0, 2.0, 2.0, 2.0, 0.0, 2.0, 2.0, 3.0, 2.0, 2.0, 2.0, 2.0, 2.0, 2.0, 2.0, 3.0, 3.0, 2.0, 2.0, 2.0, 2.0, 2.0, 2.0, 2.0, 1.0], [3.0, 3.0, 2.0, 3.0, 4.0, 4.0, 4.0, 3.0, 2.0, 2.0, 4.0, 4.0, 4.0, 2.0, 0.0, 2.0, 5.0, 4.0, 2.0, 2.0, 2.0, 4.0, 2.0, 2.0, 3.0, 3.0, 2.0, 2.0, 2.0, 2.0, 2.0, 2.0, 1.0, 1.0], [3.0, 3.0, 2.0, 3.0, 4.0, 4.0, 4.0, 3.0, 2.0, 2.0, 4.0, 4.0, 4.0, 2.0, 2.0, 0.0, 5.0, 4.0, 2.0, 2.0, 2.0, 4.0, 2.0, 2.0, 3.0, 3.0, 2.0, 2.0, 2.0, 2.0, 2.0, 2.0, 1.0, 1.0], [2.0, 3.0, 3.0, 3.0, 2.0, 1.0, 1.0, 3.0, 3.0, 4.0, 2.0, 3.0, 3.0, 3.0, 5.0, 5.0, 0.0, 3.0, 5.0, 3.0, 5.0, 3.0, 5.0, 5.0, 4.0, 4.0, 5.0, 4.0, 4.0, 5.0, 4.0, 3.0, 4.0, 4.0], [1.0, 1.0, 2.0, 2.0, 2.0, 2.0, 2.0, 2.0, 2.0, 3.0, 2.0, 2.0, 2.0, 2.0, 4.0, 4.0, 3.0, 0.0, 4.0, 2.0, 4.0, 2.0, 4.0, 4.0, 3.0, 3.0, 4.0, 3.0, 3.0, 4.0, 2.0, 2.0, 3.0, 3.0], [3.0, 3.0, 2.0, 3.0, 4.0, 4.0, 4.0, 3.0, 2.0, 2.0, 4.0, 4.0, 4.0, 2.0, 2.0, 2.0, 5.0, 4.0, 0.0, 2.0, 2.0, 4.0, 2.0, 2.0, 3.0, 3.0, 2.0, 2.0, 2.0, 2.0, 2.0, 2.0, 1.0, 1.0], [1.0, 1.0, 2.0, 2.0, 2.0, 2.0, 2.0, 2.0, 2.0, 2.0, 2.0, 2.0, 2.0, 2.0, 2.0, 2.0, 3.0, 2.0, 2.0, 0.0, 2.0, 2.0, 2.0, 2.0, 3.0, 3.0, 2.0, 2.0, 2.0, 2.0, 2.0, 2.0, 2.0, 1.0], [3.0, 3.0, 2.0, 3.0, 4.0, 4.0, 4.0, 3.0, 2.0, 2.0, 4.0, 4.0, 4.0, 2.0, 2.0, 2.0, 5.0, 4.0, 2.0, 2.0, 0.0, 4.0, 2.0, 2.0, 3.0, 3.0, 2.0, 2.0, 2.0, 2.0, 2.0, 2.0, 1.0, 1.0], [1.0, 1.0, 2.0, 2.0, 2.0, 2.0, 2.0, 2.0, 2.0, 3.0, 2.0, 2.0, 2.0, 2.0, 4.0, 4.0, 3.0, 2.0, 4.0, 2.0, 4.0, 0.0, 4.0, 4.0, 3.0, 3.0, 4.0, 3.0, 3.0, 4.0, 2.0, 2.0, 3.0, 3.0], [3.0, 3.0, 2.0, 3.0, 4.0, 4.0, 4.0, 3.0, 2.0, 2.0, 4.0, 4.0, 4.0, 2.0, 2.0, 2.0, 5.0, 4.0, 2.0, 2.0, 2.0, 4.0, 0.0, 2.0, 3.0, 3.0, 2.0, 2.0, 2.0, 2.0, 2.0, 2.0, 1.0, 1.0], [3.0, 3.0, 2.0, 3.0, 4.0, 4.0, 4.0, 3.0, 2.0, 2.0, 4.0, 4.0, 4.0, 2.0, 2.0, 2.0, 5.0, 4.0, 2.0, 2.0, 2.0, 4.0, 2.0, 0.0, 2.0, 1.0, 2.0, 1.0, 2.0, 1.0, 2.0, 2.0, 1.0, 1.0], [2.0, 3.0, 2.0, 3.0, 3.0, 3.0, 3.0, 3.0, 3.0, 3.0, 3.0, 3.0, 3.0, 3.0, 3.0, 3.0, 4.0, 3.0, 3.0, 3.0, 3.0, 3.0, 3.0, 2.0, 0.0, 1.0, 3.0, 1.0, 2.0, 3.0, 3.0, 1.0, 2.0, 2.0], [2.0, 3.0, 3.0, 3.0, 3.0, 3.0, 3.0, 3.0, 3.0, 3.0, 3.0, 3.0, 3.0, 3.0, 3.0, 3.0, 4.0, 3.0, 3.0, 3.0, 3.0, 3.0, 3.0, 1.0, 1.0, 0.0, 3.0, 2.0, 2.0, 2.0, 3.0, 1.0, 2.0, 2.0], [3.0, 3.0, 3.0, 3.0, 4.0, 4.0, 4.0, 4.0, 2.0, 2.0, 4.0, 4.0, 4.0, 2.0, 2.0, 2.0, 5.0, 4.0, 2.0, 2.0, 2.0, 4.0, 2.0, 2.0, 3.0, 3.0, 0.0, 2.0, 2.0, 1.0, 2.0, 2.0, 2.0, 1.0], [2.0, 2.0, 1.0, 2.0, 3.0, 3.0, 3.0, 2.0, 2.0, 2.0, 3.0, 3.0, 3.0, 2.0, 2.0, 2.0, 4.0, 3.0, 2.0, 2.0, 2.0, 3.0, 2.0, 1.0, 1.0, 2.0, 2.0, 0.0, 2.0, 2.0, 2.0, 2.0, 2.0, 1.0], [2.0, 2.0, 1.0, 2.0, 3.0, 3.0, 3.0, 2.0, 2.0, 2.0, 3.0, 3.0, 3.0, 2.0, 2.0, 2.0, 4.0, 3.0, 2.0, 2.0, 2.0, 3.0, 2.0, 2.0, 2.0, 2.0, 2.0, 2.0, 0.0, 2.0, 2.0, 1.0, 2.0, 1.0], [3.0, 3.0, 2.0, 3.0, 4.0, 4.0, 4.0, 3.0, 2.0, 2.0, 4.0, 4.0, 4.0, 2.0, 2.0, 2.0, 5.0, 4.0, 2.0, 2.0, 2.0, 4.0, 2.0, 1.0, 3.0, 2.0, 1.0, 2.0, 2.0, 0.0, 2.0, 2.0, 1.0, 1.0], [2.0, 1.0, 2.0, 2.0, 3.0, 3.0, 3.0, 2.0, 1.0, 2.0, 3.0, 3.0, 3.0, 2.0, 2.0, 2.0, 4.0, 2.0, 2.0, 2.0, 2.0, 2.0, 2.0, 2.0, 3.0, 3.0, 2.0, 2.0, 2.0, 2.0, 0.0, 2.0, 1.0, 1.0], [1.0, 2.0, 2.0, 2.0, 2.0, 2.0, 2.0, 2.0, 2.0, 2.0, 2.0, 2.0, 2.0, 2.0, 2.0, 2.0, 3.0, 2.0, 2.0, 2.0, 2.0, 2.0, 2.0, 2.0, 1.0, 1.0, 2.0, 2.0, 1.0, 2.0, 2.0, 0.0, 1.0, 1.0], [2.0, 2.0, 1.0, 2.0, 3.0, 3.0, 3.0, 2.0, 1.0, 2.0, 3.0, 3.0, 3.0, 2.0, 1.0, 1.0, 4.0, 3.0, 1.0, 2.0, 1.0, 3.0, 1.0, 1.0, 2.0, 2.0, 2.0, 2.0, 2.0, 1.0, 1.0, 1.0, 0.0, 1.0], [2.0, 2.0, 2.0, 2.0, 3.0, 3.0, 3.0, 3.0, 1.0, 1.0, 3.0, 3.0, 3.0, 1.0, 1.0, 1.0, 4.0, 3.0, 1.0, 1.0, 1.0, 3.0, 1.0, 1.0, 2.0, 2.0, 1.0, 1.0, 1.0, 1.0, 1.0, 1.0, 1.0, 0.0]], "euclideanDistance": [[0.0, 423.5047285614508, 458.0778789437123, 432.379684819332, 411.69750404044413, 433.7746588015538, 467.44792751445124, 268.57748497952616, 362.4238161209363, 238.82198726668932, 218.35184015221944, 25.152416148632234, 432.73363680757143, 424.56035998751736, 143.43336912446088, 147.86620787083086, 223.0710807739185, 314.145853602466, 368.1797674647573, 302.2570143460494, 426.3147045839184, 256.40731851337114, 100.24469166675742, 279.26212587909623, 410.82946276178257, 470.24614249676006, 84.47712907254804, 181.08593278074153, 312.34594322993473, 313.44884530384815, 400.8935272099348, 291.6618164322308, 414.69560918754127, 273.56262525299985], [423.5047285614508, 0.0, 240.8477049063574, 396.00303358584, 360.46312856499395, 34.703317313246735, 271.250410129036, 179.9554022552235, 71.7257239696653, 184.7597437218159, 207.79051636847254, 399.5972626052742, 356.2715387080052, 223.11607132953438, 285.5671523794603, 281.39151330731914, 399.1196271242341, 360.0694989175543, 439.6789213685763, 209.64740106467104, 397.22107203211436, 167.8411266565962, 327.25478825268243, 225.1415582765684, 227.95358187367316, 203.84852569688772, 343.2352727007141, 258.1988384917136, 358.0081530905045, 117.77287578920958, 22.975137632365886, 421.6697170187805, 26.53204000276751, 166.56780693791282], [458.0778789437123, 240.8477049063574, 0.0, 184.66444012431765, 155.76126785975217, 209.27218212238952, 30.64501621253445, 212.60832094596472, 206.13405210659852, 279.687843308614, 314.7372115336585, 433.6964906555932, 139.80194046509607, 34.211694308863336, 369.4590332767988, 321.1902655405875, 310.16187143777984, 216.93625863730628, 267.0363809529862, 157.70249879823604, 188.97323862731304, 263.51047422870306, 394.5097310544558, 179.38358163803392, 47.29182118438316, 47.79245139169438, 406.0377408664202, 284.48224803332454, 216.28536677495293, 217.71673397601654, 234.88932853894025, 290.7951149416668, 264.3971221798665, 218.93758732930493], [432.379684819332, 396.00303358584, 184.66444012431765, 0.0, 35.96270864614523, 370.68284926769786, 160.76554549316765, 282.65173581284824, 339.42585358987327, 350.75436188245794, 379.5265347518526, 412.72112915009814, 44.88296943375201, 182.7319756692711, 401.5693458456968, 337.59582517455925, 221.15639126133564, 118.40678691408338, 104.93947251942123, 215.32395317529756, 7.6561817555624065, 342.49102235763314, 407.907714268644, 218.81268948415433, 172.60409433973672, 232.10483162791724, 413.25573284170076, 306.7438679629242, 120.11299474407843, 325.0146687026042, 382.8333334758402, 166.39702247681538, 414.38672517632205, 297.3602986489715], [411.69750404044413, 360.46312856499395, 155.76126785975217, 35.96270864614523, 0.0, 335.58024314608554, 134.93713413575566, 248.22673379002978, 303.4768071696624, 317.06414416917227, 346.60162725644926, 390.9817912775225, 25.478893746331458, 150.10469005012743, 372.1349608152114, 309.1590531277137, 209.27173215504075, 102.4547362807473, 116.39378499611566, 180.3970201884078, 36.79745586682097, 308.1902793012109, 380.9001473415019, 185.1569458701303, 138.92876939647613, 202.29710178666113, 387.166304230053, 277.0099491186453, 103.57049102455544, 289.32504683851283, 347.0611365536815, 163.20471949858498, 378.6173990955456, 262.6390607787698], [433.7746588015538, 34.703317313246735, 209.27218212238952, 370.68284926769786, 335.58024314608554, 0.0, 239.85276790570055, 178.0537545941825, 71.73292229963059, 195.9253020580008, 222.87282909191657, 409.32004492070797, 329.70496775275785, 193.83187926629154, 300.01041512277266, 288.3946840717076, 390.7990284888384, 343.26011214483907, 420.4927517470956, 196.32954252406302, 372.3704478055492, 177.63923245097718, 340.3029745353015, 214.48798954509888, 200.08128412959962, 170.54769104644683, 356.0164962338357, 261.8060011696398, 341.3273307042997, 121.12979813013493, 43.27347998228916, 407.99617591234727, 61.14990309479378, 166.92720884401712], [467.44792751445124, 271.250410129036, 30.64501621253445, 160.76554549316765, 134.93713413575566, 239.85276790570055, 0.0, 231.98989221046097, 234.49029697716782, 300.91464905300984, 335.6559008969564, 443.5164640365989, 116.10774012151695, 55.36406616485935, 386.462434961041, 334.9897084370061, 306.5410625466939, 207.7967715739063, 249.5712594996368, 172.08259224728434, 165.75624213102984, 285.5792031012475, 409.0805392482344, 191.82283073462824, 62.131386453804865, 76.2415975534159, 419.8322213953841, 298.34537205312756, 207.4832126181435, 242.9315269506186, 264.8385537230391, 280.64222249693154, 294.58810930383703, 239.8635639207232], [268.57748497952616, 179.9554022552235, 212.60832094596472, 282.65173581284824, 248.22673379002978, 178.0537545941825, 231.98989221046097, 0.0, 108.73962538204387, 71.06789007697607, 104.53535380989834, 243.44137926316725, 256.308460811163, 178.89659873969745, 158.2905601186654, 121.05269610703073, 222.04196976666725, 206.181729158701, 290.5848675601593, 68.66533685001176, 280.7018796472653, 60.009724544791375, 188.31492524834138, 65.31240513287968, 169.85857474236354, 211.1290237415209, 201.8425620728246, 88.18484665922158, 203.77046247827607, 63.93852004497319, 157.7313526463944, 254.62451978473584, 183.07467723517038, 16.68932627270032], [362.4238161209363, 71.7257239696653, 206.13405210659852, 339.42585358987327, 303.4768071696624, 71.73292229963059, 234.49029697716782, 108.73962538204387, 0.0, 125.7798139895591, 155.10512246496444, 337.86789556685284, 302.8030403578736, 180.84981415465666, 230.91939413854436, 216.67721657441408, 327.4653750839281, 292.4271036998966, 373.85948931861907, 140.70298409658452, 339.7410384006935, 107.02584155745318, 270.1780869291468, 154.47473049440265, 181.26190467654195, 180.46399131067955, 285.7056538814631, 190.34477817142067, 290.2690916983987, 49.39799319079845, 50.56595870296838, 351.64565170516636, 79.81362973840994, 96.2496196588258], [238.82198726668932, 184.7597437218159, 279.687843308614, 350.75436188245794, 317.06414416917227, 195.9253020580008, 300.91464905300984, 71.06789007697607, 125.7798139895591, 0.0, 35.176215004550215, 214.83875429330362, 326.38633491801437, 246.7155775425741, 105.44968621633306, 99.11375481171123, 256.4542108741796, 264.50828134315594, 348.3051504678338, 139.3317230328001, 348.31111780617533, 19.19832590981308, 144.47407195706552, 131.9655107570337, 238.94498259599666, 272.31208686959314, 160.11369569657435, 85.67550728077534, 262.0264502591292, 79.32881743370042, 162.08554464476788, 301.7884279225733, 177.51291672976674, 61.05705532866225], [218.35184015221944, 207.79051636847254, 314.7372115336585, 379.5265347518526, 346.60162725644926, 222.87282909191657, 335.6559008969564, 104.53535380989834, 155.10512246496444, 35.176215004550215, 0.0, 195.59938649520208, 357.18290664398074, 281.6519898952268, 77.77700818806531, 92.54114251825105, 267.323016126543, 287.48331993283125, 370.07535985847284, 171.6089446928054, 376.6777803647298, 53.069320755376175, 119.8929970770325, 161.78561812261674, 273.6084894189496, 307.38568300311886, 135.97805269305113, 92.83493279295271, 284.9950738998935, 111.60218578637331, 185.87240908200624, 318.23778428096546, 196.8932389584778, 95.87672779196593], [25.152416148632234, 399.5972626052742, 433.6964906555932, 412.72112915009814, 390.9817912775225, 409.32004492070797, 443.5164640365989, 243.44137926316725, 337.86789556685284, 214.83875429330362, 195.59938649520208, 0.0, 411.52064306933323, 400.0863977256836, 122.44308105860509, 122.81040010928386, 208.06975395495908, 294.8883299951049, 352.3588223859668, 277.52866680876826, 406.8364603160668, 232.18094535495248, 79.96734314261798, 254.66851567831807, 386.483302849574, 445.36029810080976, 65.1134774608847, 155.93714414248245, 292.9996386085223, 288.79555991185487, 376.91182787809765, 276.8535526271463, 391.31563965242185, 248.5300226508121], [432.73363680757143, 356.2715387080052, 139.80194046509607, 44.88296943375201, 25.478893746331458, 329.70496775275785, 116.10774012151695, 256.308460811163, 302.8030403578736, 326.38633491801437, 357.18290664398074, 411.52064306933323, 0.0, 139.18073262338453, 387.09297505338236, 325.2950530319058, 233.760501099073, 126.71364309288317, 139.90629560876428, 187.70768123878676, 49.649917589470206, 316.252161999906, 398.0252891224133, 195.4476320153763, 130.11345107125146, 187.30369633656747, 404.98535603474096, 292.0282848491502, 127.67069552795058, 292.7532364464931, 344.24124715221956, 188.67973903660865, 375.7101284517138, 269.8691190469129], [424.56035998751736, 223.11607132953438, 34.211694308863336, 182.7319756692711, 150.10469005012743, 193.83187926629154, 55.36406616485935, 178.89659873969745, 180.84981415465666, 246.7155775425741, 281.6519898952268, 400.0863977256836, 139.18073262338453, 0.0, 335.370483208159, 287.02316259492187, 283.47729663008107, 195.8860901963756, 254.25019846371984, 123.59410529869825, 185.8091083130673, 230.94864753220506, 360.3005461590005, 145.53951139095344, 16.119351282186035, 59.13989128153057, 371.85549957410467, 250.3216292982222, 194.92792166340567, 187.57528330257395, 214.44853378174705, 269.75322333514276, 245.05652137993138, 185.77654604363877], [143.43336912446088, 285.5671523794603, 369.4590332767988, 401.5693458456968, 372.1349608152114, 300.01041512277266, 386.462434961041, 158.2905601186654, 230.91939413854436, 105.44968621633306, 77.77700818806531, 122.44308105860509, 387.09297505338236, 335.370483208159, 0.0, 65.61654758000431, 246.2867834273042, 295.12973726470955, 371.29758378525196, 214.80964881630393, 397.4123340069311, 124.57538568020176, 43.264402729360675, 197.7920223726302, 324.83462792525165, 369.31650871589875, 59.295154535443224, 95.14649534415797, 292.74453041680675, 184.6844682268474, 263.60839932224934, 307.67946344556066, 274.295028400679, 156.2564077838822], [147.86620787083086, 281.39151330731914, 321.1902655405875, 337.59582517455925, 309.1590531277137, 288.3946840717076, 334.9897084370061, 121.05269610703073, 216.67721657441408, 99.11375481171123, 92.54114251825105, 122.81040010928386, 325.2950530319058, 287.02316259492187, 65.61654758000431, 0.0, 184.6432019652358, 229.6383203807885, 305.8044261712295, 163.55302460995594, 333.19536839272206, 113.97389662242318, 74.47364997051075, 143.22509740816753, 274.85814707456836, 327.6147015895791, 84.90371762999837, 36.71916288271115, 227.2647801782373, 167.31340425666698, 258.45415662972187, 243.5290310006773, 276.033277945179, 125.72434155691236], [223.0710807739185, 399.1196271242341, 310.16187143777984, 221.15639126133564, 209.27173215504075, 390.7990284888384, 306.5410625466939, 222.04196976666725, 327.4653750839281, 256.4542108741796, 267.323016126543, 208.06975395495908, 233.760501099073, 283.47729663008107, 246.2867834273042, 184.6432019652358, 0.0, 107.0743497741526, 145.24599014078348, 197.02612128005217, 214.1836373566084, 261.13603471890593, 232.36086261718185, 176.6302998816066, 267.3702454687896, 341.35109793031614, 230.97409802586452, 174.51104239886828, 106.23517629833457, 285.9143839135608, 377.81473159486313, 68.78532915688486, 404.6592355968948, 237.67357999887827], [314.145853602466, 360.0694989175543, 216.93625863730628, 118.40678691408338, 102.4547362807473, 343.26011214483907, 207.7967715739063, 206.181729158701, 292.4271036998966, 264.50828134315594, 287.48331993283125, 294.8883299951049, 126.71364309288317, 195.8860901963756, 295.12973726470955, 229.6383203807885, 107.0743497741526, 0.0, 84.43533685109689, 151.89006825735203, 112.19388021208927, 261.32150323700876, 295.83990939965094, 142.57667366950264, 180.2056227735694, 254.9992188435559, 299.6081527863849, 203.4186123589515, 2.488847091179581, 262.7793267454701, 341.86610767508705, 73.97965017593341, 372.184956737225, 222.742275261289], [368.1797674647573, 439.6789213685763, 267.0363809529862, 104.93947251942123, 116.39378499611566, 420.4927517470956, 249.5712594996368, 290.5848675601593, 373.85948931861907, 348.3051504678338, 370.07535985847284, 352.3588223859668, 139.90629560876428, 254.25019846371984, 371.29758378525196, 305.8044261712295, 145.24599014078348, 84.43533685109689, 0.0, 234.33779409959095, 97.39062284720846, 345.60373904108843, 366.5957125125977, 226.63448280027353, 240.21556315062762, 311.11534737303253, 368.0675486634138, 283.0811303582991, 86.86796114071507, 346.390644802584, 422.47774737806554, 77.76333564563697, 453.27764312251196, 307.12246662124414], [302.2570143460494, 209.64740106467104, 157.70249879823604, 215.32395317529756, 180.3970201884078, 196.32954252406302, 172.08259224728434, 68.66533685001176, 140.70298409658452, 139.3317230328001, 171.6089446928054, 277.52866680876826, 187.70768123878676, 123.59410529869825, 214.80964881630393, 163.55302460995594, 197.02612128005217, 151.89006825735203, 234.33779409959095, 0.0, 213.81418186333084, 128.54761985876667, 237.23681691388185, 24.150741870757958, 111.33473987177153, 168.48707776356406, 248.4442580632024, 126.83413470950208, 149.695055454897, 113.05304253184651, 190.57010353322278, 212.19151908198404, 220.51529889047904, 82.33034917428796], [426.3147045839184, 397.22107203211436, 188.97323862731304, 7.6561817555624065, 36.79745586682097, 372.3704478055492, 165.75624213102984, 280.7018796472653, 339.7410384006935, 348.31111780617533, 376.6777803647298, 406.8364603160668, 49.649917589470206, 185.8091083130673, 397.4123340069311, 333.19536839272206, 214.1836373566084, 112.19388021208927, 97.39062284720846, 213.81418186333084, 0.0, 340.41654444869124, 403.0908017870428, 216.4814838848275, 175.19104705723026, 236.21442359977493, 408.21998689919417, 302.74825400648365, 113.96933155957065, 324.2447083066756, 383.6875938182282, 158.90249741771288, 415.24379029265134, 295.60829869491437], [256.40731851337114, 167.8411266565962, 263.51047422870306, 342.49102235763314, 308.1902793012109, 177.63923245097718, 285.5792031012475, 60.009724544791375, 107.02584155745318, 19.19832590981308, 53.069320755376175, 232.18094535495248, 316.252161999906, 230.94864753220506, 124.57538568020176, 113.97389662242318, 261.13603471890593, 261.32150323700876, 345.60373904108843, 128.54761985876667, 340.41654444869124, 0.0, 163.1611276959825, 124.1852417873963, 223.87395797820844, 254.5718816477335, 178.68240927423935, 95.64831231175614, 258.8596724842855, 60.14198930438044, 144.99928180487004, 302.8575877177178, 162.12867484142524, 47.05419272445195], [100.24469166675742, 327.25478825268243, 394.5097310544558, 407.907714268644, 380.9001473415019, 340.3029745353015, 409.0805392482344, 188.31492524834138, 270.1780869291468, 144.47407195706552, 119.8929970770325, 79.96734314261798, 398.0252891224133, 360.3005461590005, 43.264402729360675, 74.47364997051075, 232.36086261718185, 295.83990939965094, 366.5957125125977, 237.23681691388185, 403.0908017870428, 163.1611276959825, 0.0, 217.49789332111092, 348.5478375053721, 398.5648421528277, 16.115221653338335, 110.82770270466082, 293.5846410506125, 222.61042964492543, 305.0385057189774, 297.8006529292025, 316.77949118831395, 189.1521446980472], [279.26212587909623, 225.1415582765684, 179.38358163803392, 218.81268948415433, 185.1569458701303, 214.48798954509888, 191.82283073462824, 65.31240513287968, 154.47473049440265, 131.9655107570337, 161.78561812261674, 254.66851567831807, 195.4476320153763, 145.53951139095344, 197.7920223726302, 143.22509740816753, 176.6302998816066, 142.57667366950264, 226.63448280027353, 24.150741870757958, 216.4814838848275, 124.1852417873963, 217.49789332111092, 0.0, 132.4295897616136, 192.20690556981404, 228.0193602201783, 106.67102915651606, 140.22889739721109, 120.4684643505007, 204.9737240535737, 197.30564130210234, 233.86091709193505, 81.32798402664721], [410.82946276178257, 227.95358187367316, 47.29182118438316, 172.60409433973672, 138.92876939647613, 200.08128412959962, 62.131386453804865, 169.85857474236354, 181.26190467654195, 238.94498259599666, 273.6084894189496, 386.483302849574, 130.11345107125146, 16.119351282186035, 324.83462792525165, 274.85814707456836, 267.3702454687896, 180.2056227735694, 240.21556315062762, 111.33473987177153, 175.19104705723026, 223.87395797820844, 348.5478375053721, 132.4295897616136, 0.0, 75.03136631879255, 359.75922302050895, 238.1405938885359, 179.20301777906215, 183.68834736928713, 217.80618954977166, 253.99751964540613, 248.86544203290853, 177.88865816528264], [470.24614249676006, 203.84852569688772, 47.79245139169438, 232.10483162791724, 202.29710178666113, 170.54769104644683, 76.2415975534159, 211.1290237415209, 180.46399131067955, 272.31208686959314, 307.38568300311886, 445.36029810080976, 187.30369633656747, 59.13989128153057, 369.31650871589875, 327.6147015895791, 341.35109793031614, 254.9992188435559, 311.11534737303253, 168.48707776356406, 236.21442359977493, 254.5718816477335, 398.5648421528277, 192.20690556981404, 75.03136631879255, 0.0, 411.3405359527532, 291.4862703049035, 254.0562541455285, 201.9918082736972, 201.19203639454724, 328.8864445196131, 228.8129862510268, 213.88398883296543], [84.47712907254804, 343.2352727007141, 406.0377408664202, 413.25573284170076, 387.166304230053, 356.0164962338357, 419.8322213953841, 201.8425620728246, 285.7056538814631, 160.11369569657435, 135.97805269305113, 65.1134774608847, 404.98535603474096, 371.85549957410467, 59.295154535443224, 84.90371762999837, 230.97409802586452, 299.6081527863849, 368.0675486634138, 248.4442580632024, 408.21998689919417, 178.68240927423935, 16.115221653338335, 228.0193602201783, 359.75922302050895, 411.3405359527532, 0.0, 121.61884673758097, 297.4115928798158, 237.89829275477703, 320.9793309085878, 297.58915138419087, 332.86996863068435, 203.3756697030876], [181.08593278074153, 258.1988384917136, 284.48224803332454, 306.7438679629242, 277.0099491186453, 261.8060011696398, 298.34537205312756, 88.18484665922158, 190.34477817142067, 85.6755072807753