{"name": "karate_random", "nodes": [{"index": 0, "id": "0", "x": 232.11421374911947, "y": 116.61803559297387}, {"index": 1, "id": "1", "x": 336.4915234842141, "y": 163.33668053689044}, {"index": 2, "id": "2", "x": 57.612627223153915, "y": 194.62993618721296}, {"index": 3, "id": "3", "x": 204.03884793499105, "y": 421.37166725964613}, {"index": 4, "id": "4", "x": 267.12127576355186, "y": 230.6436054204831}, {"index": 5, "id": "5", "x": 197.93806386231086, "y": 338.0256772483851}, {"index": 6, "id": "6", "x": 120.06172320589482, "y": 246.9088233551958}, {"index": 7, "id": "7", "x": 183.21723774671247, "y": 317.84541970513953}, {"index": 8, "id": "8", "x": 437.2775390620845, "y": 156.12040285474833}, {"index": 9, "id": "9", "x": 413.83235766103843, "y": 381.7374635489137}, {"index": 10, "id": "10", "x": 101.46395956667553, "y": 293.11294312371206}, {"index": 11, "id": "11", "x": 440.00000000000006, "y": 74.85922854898763}, {"index": 12, "id": "12", "x": 119.59379320952522, "y": 94.03369586349176}, {"index": 13, "id": "13", "x": 142.6254286455687, "y": 417.4166462770286}, {"index": 14, "id": "14", "x": 205.56364181231694, "y": 37.719704529342124}, {"index": 15, "id": "15", "x": 87.91077717419606, "y": 284.6975677015682}, {"index": 16, "id": "16", "x": 26.53995880957639, "y": 202.34785073838864}, {"index": 17, "id": "17", "x": 280.1533025184847, "y": 376.16324150067885}, {"index": 18, "id": "18", "x": 29.742065937247432, "y": 129.00397561812943}, {"index": 19, "id": "19", "x": 118.5739548080725, "y": 174.01624672353466}, {"index": 20, "id": "20", "x": 22.97440688619244, "y": 219.36281239170577}, {"index": 21, "id": "21", "x": 394.6581070902941, "y": 435.5668357809273}, {"index": 22, "id": "22", "x": 62.13661853876985, "y": 326.6582837723138}, {"index": 23, "id": "23", "x": 427.0432882250276, "y": 324.4175823989122}, {"index": 24, "id": "24", "x": 274.8747207510628, "y": 160.72735312605212}, {"index": 25, "id": "25", "x": 178.930167260646, "y": 413.99154052024676}, {"index": 26, "id": "26", "x": 365.21813518327235, "y": 440.0}, {"index": 27, "id": "27", "x": 81.83545055912164, "y": 322.3061052253403}, {"index": 28, "id": "28", "x": 94.31875544910662, "y": 53.15408486567624}, {"index": 29, "id": "29", "x": 31.2016670711278, "y": 268.9417354606497}, {"index": 30, "id": "30", "x": 96.38367580486927, "y": 255.02664817038328}, {"index": 31, "id": "31", "x": 10.0, "y": 185.62934450519663}, {"index": 32, "id": "32", "x": 91.34479681564507, "y": 145.4867018624397}, {"index": 33, "id": "33", "x": 401.52546107316726, "y": 10.0}], "edges": [{"source": "0", "target": "1"}, {"source": "0", "target": "2"}, {"source": "0", "target": "3"}, {"source": "0", "target": "4"}, {"source": "0", "target": "5"}, {"source": "0", "target": "6"}, {"source": "0", "target": "7"}, {"source": "0", "target": "8"}, {"source": "0", "target": "10"}, {"source": "0", "target": "11"}, {"source": "0", "target": "12"}, {"source": "0", "target": "13"}, {"source": "0", "target": "17"}, {"source": "0", "target": "19"}, {"source": "0", "target": "21"}, {"source": "0", "target": "31"}, {"source": "1", "target": "2"}, {"source": "1", "target": "3"}, {"source": "1", "target": "7"}, {"source": "1", "target": "13"}, {"source": "1", "target": "17"}, {"source": "1", "target": "19"}, {"source": "1", "target": "21"}, {"source": "1", "target": "30"}, {"source": "2", "target": "3"}, {"source": "2", "target": "7"}, {"source": "2", "target": "8"}, {"source": "2", "target": "9"}, {"source": "2", "target": "13"}, {"source": "2", "target": "27"}, {"source": "2", "target": "28"}, {"source": "2", "target": "32"}, {"source": "3", "target": "7"}, {"source": "3", "target": "12"}, {"source": "3", "target": "13"}, {"source": "4", "target": "6"}, {"source": "4", "target": "10"}, {"source": "5", "target": "6"}, {"source": "5", "target": "10"}, {"source": "5", "target": "16"}, {"source": "6", "target": "16"}, {"source": "8", "target": "30"}, {"source": "8", "target": "32"}, {"source": "8", "target": "33"}, {"source": "9", "target": "33"}, {"source": "13", "target": "33"}, {"source": "14", "target": "32"}, {"source": "14", "target": "33"}, {"source": "15", "target": "32"}, {"source": "15", "target": "33"}, {"source": "18", "target": "32"}, {"source": "18", "target": "33"}, {"source": "19", "target": "33"}, {"source": "20", "target": "32"}, {"source": "20", "target": "33"}, {"source": "22", "target": "32"}, {"source": "22", "target": "33"}, {"source": "23", "target": "25"}, {"source": "23", "target": "27"}, {"source": "23", "target": "29"}, {"source": "23", "target": "32"}, {"source": "23", "target": "33"}, {"source": "24", "target": "25"}, {"source": "24", "target": "27"}, {"source": "24", "target": "31"}, {"source": "25", "target": "31"}, {"source": "26", "target": "29"}, {"source": "26", "target": "33"}, {"source": "27", "target": "33"}, {"source": "28", "target": "31"}, {"source": "28", "target": "33"}, {"source": "29", "target": "32"}, {"source": "29", "target": "33"}, {"source": "30", "target": "32"}, {"source": "30", "target": "33"}, {"source": "31", "target": "32"}, {"source": "31", "target": "33"}, {"source": "32", "target": "33"}], "weight": [[1.0, 1.0, 1.0, 1.0, 1.0, 1.0, 1.0, 1.0, 1.0, 0.25, 1.0, 1.0, 1.0, 1.0, 0.1111111119389534, 0.1111111119389534, 0.25, 1.0, 0.1111111119389534, 1.0, 0.1111111119389534, 1.0, 0.1111111119389534, 0.1111111119389534, 0.25, 0.25, 0.1111111119389534, 0.25, 0.25, 0.1111111119389534, 0.25, 1.0, 0.25, 0.25], [1.0, 1.0, 1.0, 1.0, 0.25, 0.25, 0.25, 1.0, 0.25, 0.25, 0.25, 0.25, 0.25, 1.0, 0.1111111119389534, 0.1111111119389534, 0.1111111119389534, 1.0, 0.1111111119389534, 1.0, 0.1111111119389534, 1.0, 0.1111111119389534, 0.1111111119389534, 0.1111111119389534, 0.1111111119389534, 0.1111111119389534, 0.25, 0.25, 0.1111111119389534, 1.0, 0.25, 0.25, 0.25], [1.0, 1.0, 1.0, 1.0, 0.25, 0.25, 0.25, 1.0, 1.0, 1.0, 0.25, 0.25, 0.25, 1.0, 0.25, 0.25, 0.1111111119389534, 0.25, 0.25, 0.25, 0.25, 0.25, 0.25, 0.25, 0.25, 0.1111111119389534, 0.1111111119389534, 1.0, 1.0, 0.25, 0.25, 0.25, 1.0, 0.25], [1.0, 1.0, 1.0, 1.0, 0.25, 0.25, 0.25, 1.0, 0.25, 0.25, 0.25, 0.25, 1.0, 1.0, 0.1111111119389534, 0.1111111119389534, 0.1111111119389534, 0.25, 0.1111111119389534, 0.25, 0.1111111119389534, 0.25, 0.1111111119389534, 0.1111111119389534, 0.1111111119389534, 0.1111111119389534, 0.1111111119389534, 0.25, 0.25, 0.1111111119389534, 0.25, 0.25, 0.25, 0.25], [1.0, 0.25, 0.25, 0.25, 1.0, 0.25, 1.0, 0.25, 0.25, 0.1111111119389534, 1.0, 0.25, 0.25, 0.25, 0.0625, 0.0625, 0.25, 0.25, 0.0625, 0.25, 0.0625, 0.25, 0.0625, 0.0625, 0.1111111119389534, 0.1111111119389534, 0.0625, 0.1111111119389534, 0.1111111119389534, 0.0625, 0.1111111119389534, 0.25, 0.1111111119389534, 0.1111111119389534], [1.0, 0.25, 0.25, 0.25, 0.25, 1.0, 1.0, 0.25, 0.25, 0.1111111119389534, 1.0, 0.25, 0.25, 0.25, 0.0625, 0.0625, 1.0, 0.25, 0.0625, 0.25, 0.0625, 0.25, 0.0625, 0.0625, 0.1111111119389534, 0.1111111119389534, 0.0625, 0.1111111119389534, 0.1111111119389534, 0.0625, 0.1111111119389534, 0.25, 0.1111111119389534, 0.1111111119389534], [1.0, 0.25, 0.25, 0.25, 1.0, 1.0, 1.0, 0.25, 0.25, 0.1111111119389534, 0.25, 0.25, 0.25, 0.25, 0.0625, 0.0625, 1.0, 0.25, 0.0625, 0.25, 0.0625, 0.25, 0.0625, 0.0625, 0.1111111119389534, 0.1111111119389534, 0.0625, 0.1111111119389534, 0.1111111119389534, 0.0625, 0.1111111119389534, 0.25, 0.1111111119389534, 0.1111111119389534], [1.0, 1.0, 1.0, 1.0, 0.25, 0.25, 0.25, 1.0, 0.25, 0.25, 0.25, 0.25, 0.25, 0.25, 0.1111111119389534, 0.1111111119389534, 0.1111111119389534, 0.25, 0.1111111119389534, 0.25, 0.1111111119389534, 0.25, 0.1111111119389534, 0.1111111119389534, 0.1111111119389534, 0.1111111119389534, 0.0625, 0.25, 0.25, 0.1111111119389534, 0.25, 0.25, 0.25, 0.1111111119389534], [1.0, 0.25, 1.0, 0.25, 0.25, 0.25, 0.25, 0.25, 1.0, 0.25, 0.25, 0.25, 0.25, 0.25, 0.25, 0.25, 0.1111111119389534, 0.25, 0.25, 0.25, 0.25, 0.25, 0.25, 0.25, 0.1111111119389534, 0.1111111119389534, 0.25, 0.25, 0.25, 0.25, 1.0, 0.25, 1.0, 1.0], [0.25, 0.25, 1.0, 0.25, 0.1111111119389534, 0.1111111119389534, 0.1111111119389534, 0.25, 0.25, 1.0, 0.1111111119389534, 0.1111111119389534, 0.1111111119389534, 0.25, 0.25, 0.25, 0.0625, 0.1111111119389534, 0.25, 0.25, 0.25, 0.1111111119389534, 0.25, 0.25, 0.1111111119389534, 0.1111111119389534, 0.25, 0.25, 0.25, 0.25, 0.25, 0.25, 0.25, 1.0], [1.0, 0.25, 0.25, 0.25, 1.0, 1.0, 0.25, 0.25, 0.25, 0.1111111119389534, 1.0, 0.25, 0.25, 0.25, 0.0625, 0.0625, 0.25, 0.25, 0.0625, 0.25, 0.0625, 0.25, 0.0625, 0.0625, 0.1111111119389534, 0.1111111119389534, 0.0625, 0.1111111119389534, 0.1111111119389534, 0.0625, 0.1111111119389534, 0.25, 0.1111111119389534, 0.1111111119389534], [1.0, 0.25, 0.25, 0.25, 0.25, 0.25, 0.25, 0.25, 0.25, 0.1111111119389534, 0.25, 1.0, 0.25, 0.25, 0.0625, 0.0625, 0.1111111119389534, 0.25, 0.0625, 0.25, 0.0625, 0.25, 0.0625, 0.0625, 0.1111111119389534, 0.1111111119389534, 0.0625, 0.1111111119389534, 0.1111111119389534, 0.0625, 0.1111111119389534, 0.25, 0.1111111119389534, 0.1111111119389534], [1.0, 0.25, 0.25, 1.0, 0.25, 0.25, 0.25, 0.25, 0.25, 0.1111111119389534, 0.25, 0.25, 1.0, 0.25, 0.0625, 0.0625, 0.1111111119389534, 0.25, 0.0625, 0.25, 0.0625, 0.25, 0.0625, 0.0625, 0.1111111119389534, 0.1111111119389534, 0.0625, 0.1111111119389534, 0.1111111119389534, 0.0625, 0.1111111119389534, 0.25, 0.1111111119389534, 0.1111111119389534], [1.0, 1.0, 1.0, 1.0, 0.25, 0.25, 0.25, 0.25, 0.25, 0.25, 0.25, 0.25, 0.25, 1.0, 0.25, 0.25, 0.1111111119389534, 0.25, 0.25, 0.25, 0.25, 0.25, 0.25, 0.25, 0.1111111119389534, 0.1111111119389534, 0.25, 0.25, 0.25, 0.25, 0.25, 0.25, 0.25, 1.0], [0.1111111119389534, 0.1111111119389534, 0.25, 0.1111111119389534, 0.0625, 0.0625, 0.0625, 0.1111111119389534, 0.25, 0.25, 0.0625, 0.0625, 0.0625, 0.25, 1.0, 0.25, 0.03999999910593033, 0.0625, 0.25, 0.25, 0.25, 0.0625, 0.25, 0.25, 0.1111111119389534, 0.1111111119389534, 0.25, 0.25, 0.25, 0.25, 0.25, 0.25, 1.0, 1.0], [0.1111111119389534, 0.1111111119389534, 0.25, 0.1111111119389534, 0.0625, 0.0625, 0.0625, 0.1111111119389534, 0.25, 0.25, 0.0625, 0.0625, 0.0625, 0.25, 0.25, 1.0, 0.03999999910593033, 0.0625, 0.25, 0.25, 0.25, 0.0625, 0.25, 0.25, 0.1111111119389534, 0.1111111119389534, 0.25, 0.25, 0.25, 0.25, 0.25, 0.25, 1.0, 1.0], [0.25, 0.1111111119389534, 0.1111111119389534, 0.1111111119389534, 0.25, 1.0, 1.0, 0.1111111119389534, 0.1111111119389534, 0.0625, 0.25, 0.1111111119389534, 0.1111111119389534, 0.1111111119389534, 0.03999999910593033, 0.03999999910593033, 1.0, 0.1111111119389534, 0.03999999910593033, 0.1111111119389534, 0.03999999910593033, 0.1111111119389534, 0.03999999910593033, 0.03999999910593033, 0.0625, 0.0625, 0.03999999910593033, 0.0625, 0.0625, 0.03999999910593033, 0.0625, 0.1111111119389534, 0.0625, 0.0625], [1.0, 1.0, 0.25, 0.25, 0.25, 0.25, 0.25, 0.25, 0.25, 0.1111111119389534, 0.25, 0.25, 0.25, 0.25, 0.0625, 0.0625, 0.1111111119389534, 1.0, 0.0625, 0.25, 0.0625, 0.25, 0.0625, 0.0625, 0.1111111119389534, 0.1111111119389534, 0.0625, 0.1111111119389534, 0.1111111119389534, 0.0625, 0.25, 0.25, 0.1111111119389534, 0.1111111119389534], [0.1111111119389534, 0.1111111119389534, 0.25, 0.1111111119389534, 0.0625, 0.0625, 0.0625, 0.1111111119389534, 0.25, 0.25, 0.0625, 0.0625, 0.0625, 0.25, 0.25, 0.25, 0.03999999910593033, 0.0625, 1.0, 0.25, 0.25, 0.0625, 0.25, 0.25, 0.1111111119389534, 0.1111111119389534, 0.25, 0.25, 0.25, 0.25, 0.25, 0.25, 1.0, 1.0], [1.0, 1.0, 0.25, 0.25, 0.25, 0.25, 0.25, 0.25, 0.25, 0.25, 0.25, 0.25, 0.25, 0.25, 0.25, 0.25, 0.1111111119389534, 0.25, 0.25, 1.0, 0.25, 0.25, 0.25, 0.25, 0.1111111119389534, 0.1111111119389534, 0.25, 0.25, 0.25, 0.25, 0.25, 0.25, 0.25, 1.0], [0.1111111119389534, 0.1111111119389534, 0.25, 0.1111111119389534, 0.0625, 0.0625, 0.0625, 0.1111111119389534, 0.25, 0.25, 0.0625, 0.0625, 0.0625, 0.25, 0.25, 0.25, 0.03999999910593033, 0.0625, 0.25, 0.25, 1.0, 0.0625, 0.25, 0.25, 0.1111111119389534, 0.1111111119389534, 0.25, 0.25, 0.25, 0.25, 0.25, 0.25, 1.0, 1.0], [1.0, 1.0, 0.25, 0.25, 0.25, 0.25, 0.25, 0.25, 0.25, 0.1111111119389534, 0.25, 0.25, 0.25, 0.25, 0.0625, 0.0625, 0.1111111119389534, 0.25, 0.0625, 0.25, 0.0625, 1.0, 0.0625, 0.0625, 0.1111111119389534, 0.1111111119389534, 0.0625, 0.1111111119389534, 0.1111111119389534, 0.0625, 0.25, 0.25, 0.1111111119389534, 0.1111111119389534], [0.1111111119389534, 0.1111111119389534, 0.25, 0.1111111119389534, 0.0625, 0.0625, 0.0625, 0.1111111119389534, 0.25, 0.25, 0.0625, 0.0625, 0.0625, 0.25, 0.25, 0.25, 0.03999999910593033, 0.0625, 0.25, 0.25, 0.25, 0.0625, 1.0, 0.25, 0.1111111119389534, 0.1111111119389534, 0.25, 0.25, 0.25, 0.25, 0.25, 0.25, 1.0, 1.0], [0.1111111119389534, 0.1111111119389534, 0.25, 0.1111111119389534, 0.0625, 0.0625, 0.0625, 0.1111111119389534, 0.25, 0.25, 0.0625, 0.0625, 0.0625, 0.25, 0.25, 0.25, 0.03999999910593033, 0.0625, 0.25, 0.25, 0.25, 0.0625, 0.25, 1.0, 0.25, 1.0, 0.25, 1.0, 0.25, 1.0, 0.25, 0.25, 1.0, 1.0], [0.25, 0.1111111119389534, 0.25, 0.1111111119389534, 0.1111111119389534, 0.1111111119389534, 0.1111111119389534, 0.1111111119389534, 0.1111111119389534, 0.1111111119389534, 0.1111111119389534, 0.1111111119389534, 0.1111111119389534, 0.1111111119389534, 0.1111111119389534, 0.1111111119389534, 0.0625, 0.1111111119389534, 0.1111111119389534, 0.1111111119389534, 0.1111111119389534, 0.1111111119389534, 0.1111111119389534, 0.25, 1.0, 1.0, 0.1111111119389534, 1.0, 0.25, 0.1111111119389534, 0.1111111119389534, 1.0, 0.25, 0.25], [0.25, 0.1111111119389534, 0.1111111119389534, 0.1111111119389534, 0.1111111119389534, 0.1111111119389534, 0.1111111119389534, 0.1111111119389534, 0.1111111119389534, 0.1111111119389534, 0.1111111119389534, 0.1111111119389534, 0.1111111119389534, 0.1111111119389534, 0.1111111119389534, 0.1111111119389534, 0.0625, 0.1111111119389534, 0.1111111119389534, 0.1111111119389534, 0.1111111119389534, 0.1111111119389534, 0.1111111119389534, 1.0, 1.0, 1.0, 0.1111111119389534, 0.25, 0.25, 0.25, 0.1111111119389534, 1.0, 0.25, 0.25], [0.1111111119389534, 0.1111111119389534, 0.1111111119389534, 0.1111111119389534, 0.0625, 0.0625, 0.0625, 0.0625, 0.25, 0.25, 0.0625, 0.0625, 0.0625, 0.25, 0.25, 0.25, 0.03999999910593033, 0.0625, 0.25, 0.25, 0.25, 0.0625, 0.25, 0.25, 0.1111111119389534, 0.1111111119389534, 1.0, 0.25, 0.25, 1.0, 0.25, 0.25, 0.25, 1.0], [0.25, 0.25, 1.0, 0.25, 0.1111111119389534, 0.1111111119389534, 0.1111111119389534, 0.25, 0.25, 0.25, 0.1111111119389534, 0.1111111119389534, 0.1111111119389534, 0.25, 0.25, 0.25, 0.0625, 0.1111111119389534, 0.25, 0.25, 0.25, 0.1111111119389534, 0.25, 1.0, 1.0, 0.25, 0.25, 1.0, 0.25, 0.25, 0.25, 0.25, 0.25, 1.0], [0.25, 0.25, 1.0, 0.25, 0.1111111119389534, 0.1111111119389534, 0.1111111119389534, 0.25, 0.25, 0.25, 0.1111111119389534, 0.1111111119389534, 0.1111111119389534, 0.25, 0.25, 0.25, 0.0625, 0.1111111119389534, 0.25, 0.25, 0.25, 0.1111111119389534, 0.25, 0.25, 0.25, 0.25, 0.25, 0.25, 1.0, 0.25, 0.25, 1.0, 0.25, 1.0], [0.1111111119389534, 0.1111111119389534, 0.25, 0.1111111119389534, 0.0625, 0.0625, 0.0625, 0.1111111119389534, 0.25, 0.25, 0.0625, 0.0625, 0.0625, 0.25, 0.25, 0.25, 0.03999999910593033, 0.0625, 0.25, 0.25, 0.25, 0.0625, 0.25, 1.0, 0.1111111119389534, 0.25, 1.0, 0.25, 0.25, 1.0, 0.25, 0.25, 1.0, 1.0], [0.25, 1.0, 0.25, 0.25, 0.1111111119389534, 0.1111111119389534, 0.1111111119389534, 0.25, 1.0, 0.25, 0.1111111119389534, 0.1111111119389534, 0.1111111119389534, 0.25, 0.25, 0.25, 0.0625, 0.25, 0.25, 0.25, 0.25, 0.25, 0.25, 0.25, 0.1111111119389534, 0.1111111119389534, 0.25, 0.25, 0.25, 0.25, 1.0, 0.25, 1.0, 1.0], [1.0, 0.25, 0.25, 0.25, 0.25, 0.25, 0.25, 0.25, 0.25, 0.25, 0.25, 0.25, 0.25, 0.25, 0.25, 0.25, 0.1111111119389534, 0.25, 0.25, 0.25, 0.25, 0.25, 0.25, 0.25, 1.0, 1.0, 0.25, 0.25, 1.0, 0.25, 0.25, 1.0, 1.0, 1.0], [0.25, 0.25, 1.0, 0.25, 0.1111111119389534, 0.1111111119389534, 0.1111111119389534, 0.25, 1.0, 0.25, 0.1111111119389534, 0.1111111119389534, 0.1111111119389534, 0.25, 1.0, 1.0, 0.0625, 0.1111111119389534, 1.0, 0.25, 1.0, 0.1111111119389534, 1.0, 1.0, 0.25, 0.25, 0.25, 0.25, 0.25, 1.0, 1.0, 1.0, 1.0, 1.0], [0.25, 0.25, 0.25, 0.25, 0.1111111119389534, 0.1111111119389534, 0.1111111119389534, 0.1111111119389534, 1.0, 1.0, 0.1111111119389534, 0.1111111119389534, 0.1111111119389534, 1.0, 1.0, 1.0, 0.0625, 0.1111111119389534, 1.0, 1.0, 1.0, 0.1111111119389534, 1.0, 1.0, 0.25, 0.25, 1.0, 1.0, 1.0, 1.0, 1.0, 1.0, 1.0, 1.0]], "shortestPath": [[0.0, 1.0, 1.0, 1.0, 1.0, 1.0, 1.0, 1.0, 1.0, 2.0, 1.0, 1.0, 1.0, 1.0, 3.0, 3.0, 2.0, 1.0, 3.0, 1.0, 3.0, 1.0, 3.0, 3.0, 2.0, 2.0, 3.0, 2.0, 2.0, 3.0, 2.0, 1.0, 2.0, 2.0], [1.0, 0.0, 1.0, 1.0, 2.0, 2.0, 2.0, 1.0, 2.0, 2.0, 2.0, 2.0, 2.0, 1.0, 3.0, 3.0, 3.0, 1.0, 3.0, 1.0, 3.0, 1.0, 3.0, 3.0, 3.0, 3.0, 3.0, 2.0, 2.0, 3.0, 1.0, 2.0, 2.0, 2.0], [1.0, 1.0, 0.0, 1.0, 2.0, 2.0, 2.0, 1.0, 1.0, 1.0, 2.0, 2.0, 2.0, 1.0, 2.0, 2.0, 3.0, 2.0, 2.0, 2.0, 2.0, 2.0, 2.0, 2.0, 2.0, 3.0, 3.0, 1.0, 1.0, 2.0, 2.0, 2.0, 1.0, 2.0], [1.0, 1.0, 1.0, 0.0, 2.0, 2.0, 2.0, 1.0, 2.0, 2.0, 2.0, 2.0, 1.0, 1.0, 3.0, 3.0, 3.0, 2.0, 3.0, 2.0, 3.0, 2.0, 3.0, 3.0, 3.0, 3.0, 3.0, 2.0, 2.0, 3.0, 2.0, 2.0, 2.0, 2.0], [1.0, 2.0, 2.0, 2.0, 0.0, 2.0, 1.0, 2.0, 2.0, 3.0, 1.0, 2.0, 2.0, 2.0, 4.0, 4.0, 2.0, 2.0, 4.0, 2.0, 4.0, 2.0, 4.0, 4.0, 3.0, 3.0, 4.0, 3.0, 3.0, 4.0, 3.0, 2.0, 3.0, 3.0], [1.0, 2.0, 2.0, 2.0, 2.0, 0.0, 1.0, 2.0, 2.0, 3.0, 1.0, 2.0, 2.0, 2.0, 4.0, 4.0, 1.0, 2.0, 4.0, 2.0, 4.0, 2.0, 4.0, 4.0, 3.0, 3.0, 4.0, 3.0, 3.0, 4.0, 3.0, 2.0, 3.0, 3.0], [1.0, 2.0, 2.0, 2.0, 1.0, 1.0, 0.0, 2.0, 2.0, 3.0, 2.0, 2.0, 2.0, 2.0, 4.0, 4.0, 1.0, 2.0, 4.0, 2.0, 4.0, 2.0, 4.0, 4.0, 3.0, 3.0, 4.0, 3.0, 3.0, 4.0, 3.0, 2.0, 3.0, 3.0], [1.0, 1.0, 1.0, 1.0, 2.0, 2.0, 2.0, 0.0, 2.0, 2.0, 2.0, 2.0, 2.0, 2.0, 3.0, 3.0, 3.0, 2.0, 3.0, 2.0, 3.0, 2.0, 3.0, 3.0, 3.0, 3.0, 4.0, 2.0, 2.0, 3.0, 2.0, 2.0, 2.0, 3.0], [1.0, 2.0, 1.0, 2.0, 2.0, 2.0, 2.0, 2.0, 0.0, 2.0, 2.0, 2.0, 2.0, 2.0, 2.0, 2.0, 3.0, 2.0, 2.0, 2.0, 2.0, 2.0, 2.0, 2.0, 3.0, 3.0, 2.0, 2.0, 2.0, 2.0, 1.0, 2.0, 1.0, 1.0], [2.0, 2.0, 1.0, 2.0, 3.0, 3.0, 3.0, 2.0, 2.0, 0.0, 3.0, 3.0, 3.0, 2.0, 2.0, 2.0, 4.0, 3.0, 2.0, 2.0, 2.0, 3.0, 2.0, 2.0, 3.0, 3.0, 2.0, 2.0, 2.0, 2.0, 2.0, 2.0, 2.0, 1.0], [1.0, 2.0, 2.0, 2.0, 1.0, 1.0, 2.0, 2.0, 2.0, 3.0, 0.0, 2.0, 2.0, 2.0, 4.0, 4.0, 2.0, 2.0, 4.0, 2.0, 4.0, 2.0, 4.0, 4.0, 3.0, 3.0, 4.0, 3.0, 3.0, 4.0, 3.0, 2.0, 3.0, 3.0], [1.0, 2.0, 2.0, 2.0, 2.0, 2.0, 2.0, 2.0, 2.0, 3.0, 2.0, 0.0, 2.0, 2.0, 4.0, 4.0, 3.0, 2.0, 4.0, 2.0, 4.0, 2.0, 4.0, 4.0, 3.0, 3.0, 4.0, 3.0, 3.0, 4.0, 3.0, 2.0, 3.0, 3.0], [1.0, 2.0, 2.0, 1.0, 2.0, 2.0, 2.0, 2.0, 2.0, 3.0, 2.0, 2.0, 0.0, 2.0, 4.0, 4.0, 3.0, 2.0, 4.0, 2.0, 4.0, 2.0, 4.0, 4.0, 3.0, 3.0, 4.0, 3.0, 3.0, 4.0, 3.0, 2.0, 3.0, 3.0], [1.0, 1.0, 1.0, 1.0, 2.0, 2.0, 2.0, 2.0, 2.0, 2.0, 2.0, 2.0, 2.0, 0.0, 2.0, 2.0, 3.0, 2.0, 2.0, 2.0, 2.0, 2.0, 2.0, 2.0, 3.0, 3.0, 2.0, 2.0, 2.0, 2.0, 2.0, 2.0, 2.0, 1.0], [3.0, 3.0, 2.0, 3.0, 4.0, 4.0, 4.0, 3.0, 2.0, 2.0, 4.0, 4.0, 4.0, 2.0, 0.0, 2.0, 5.0, 4.0, 2.0, 2.0, 2.0, 4.0, 2.0, 2.0, 3.0, 3.0, 2.0, 2.0, 2.0, 2.0, 2.0, 2.0, 1.0, 1.0], [3.0, 3.0, 2.0, 3.0, 4.0, 4.0, 4.0, 3.0, 2.0, 2.0, 4.0, 4.0, 4.0, 2.0, 2.0, 0.0, 5.0, 4.0, 2.0, 2.0, 2.0, 4.0, 2.0, 2.0, 3.0, 3.0, 2.0, 2.0, 2.0, 2.0, 2.0, 2.0, 1.0, 1.0], [2.0, 3.0, 3.0, 3.0, 2.0, 1.0, 1.0, 3.0, 3.0, 4.0, 2.0, 3.0, 3.0, 3.0, 5.0, 5.0, 0.0, 3.0, 5.0, 3.0, 5.0, 3.0, 5.0, 5.0, 4.0, 4.0, 5.0, 4.0, 4.0, 5.0, 4.0, 3.0, 4.0, 4.0], [1.0, 1.0, 2.0, 2.0, 2.0, 2.0, 2.0, 2.0, 2.0, 3.0, 2.0, 2.0, 2.0, 2.0, 4.0, 4.0, 3.0, 0.0, 4.0, 2.0, 4.0, 2.0, 4.0, 4.0, 3.0, 3.0, 4.0, 3.0, 3.0, 4.0, 2.0, 2.0, 3.0, 3.0], [3.0, 3.0, 2.0, 3.0, 4.0, 4.0, 4.0, 3.0, 2.0, 2.0, 4.0, 4.0, 4.0, 2.0, 2.0, 2.0, 5.0, 4.0, 0.0, 2.0, 2.0, 4.0, 2.0, 2.0, 3.0, 3.0, 2.0, 2.0, 2.0, 2.0, 2.0, 2.0, 1.0, 1.0], [1.0, 1.0, 2.0, 2.0, 2.0, 2.0, 2.0, 2.0, 2.0, 2.0, 2.0, 2.0, 2.0, 2.0, 2.0, 2.0, 3.0, 2.0, 2.0, 0.0, 2.0, 2.0, 2.0, 2.0, 3.0, 3.0, 2.0, 2.0, 2.0, 2.0, 2.0, 2.0, 2.0, 1.0], [3.0, 3.0, 2.0, 3.0, 4.0, 4.0, 4.0, 3.0, 2.0, 2.0, 4.0, 4.0, 4.0, 2.0, 2.0, 2.0, 5.0, 4.0, 2.0, 2.0, 0.0, 4.0, 2.0, 2.0, 3.0, 3.0, 2.0, 2.0, 2.0, 2.0, 2.0, 2.0, 1.0, 1.0], [1.0, 1.0, 2.0, 2.0, 2.0, 2.0, 2.0, 2.0, 2.0, 3.0, 2.0, 2.0, 2.0, 2.0, 4.0, 4.0, 3.0, 2.0, 4.0, 2.0, 4.0, 0.0, 4.0, 4.0, 3.0, 3.0, 4.0, 3.0, 3.0, 4.0, 2.0, 2.0, 3.0, 3.0], [3.0, 3.0, 2.0, 3.0, 4.0, 4.0, 4.0, 3.0, 2.0, 2.0, 4.0, 4.0, 4.0, 2.0, 2.0, 2.0, 5.0, 4.0, 2.0, 2.0, 2.0, 4.0, 0.0, 2.0, 3.0, 3.0, 2.0, 2.0, 2.0, 2.0, 2.0, 2.0, 1.0, 1.0], [3.0, 3.0, 2.0, 3.0, 4.0, 4.0, 4.0, 3.0, 2.0, 2.0, 4.0, 4.0, 4.0, 2.0, 2.0, 2.0, 5.0, 4.0, 2.0, 2.0, 2.0, 4.0, 2.0, 0.0, 2.0, 1.0, 2.0, 1.0, 2.0, 1.0, 2.0, 2.0, 1.0, 1.0], [2.0, 3.0, 2.0, 3.0, 3.0, 3.0, 3.0, 3.0, 3.0, 3.0, 3.0, 3.0, 3.0, 3.0, 3.0, 3.0, 4.0, 3.0, 3.0, 3.0, 3.0, 3.0, 3.0, 2.0, 0.0, 1.0, 3.0, 1.0, 2.0, 3.0, 3.0, 1.0, 2.0, 2.0], [2.0, 3.0, 3.0, 3.0, 3.0, 3.0, 3.0, 3.0, 3.0, 3.0, 3.0, 3.0, 3.0, 3.0, 3.0, 3.0, 4.0, 3.0, 3.0, 3.0, 3.0, 3.0, 3.0, 1.0, 1.0, 0.0, 3.0, 2.0, 2.0, 2.0, 3.0, 1.0, 2.0, 2.0], [3.0, 3.0, 3.0, 3.0, 4.0, 4.0, 4.0, 4.0, 2.0, 2.0, 4.0, 4.0, 4.0, 2.0, 2.0, 2.0, 5.0, 4.0, 2.0, 2.0, 2.0, 4.0, 2.0, 2.0, 3.0, 3.0, 0.0, 2.0, 2.0, 1.0, 2.0, 2.0, 2.0, 1.0], [2.0, 2.0, 1.0, 2.0, 3.0, 3.0, 3.0, 2.0, 2.0, 2.0, 3.0, 3.0, 3.0, 2.0, 2.0, 2.0, 4.0, 3.0, 2.0, 2.0, 2.0, 3.0, 2.0, 1.0, 1.0, 2.0, 2.0, 0.0, 2.0, 2.0, 2.0, 2.0, 2.0, 1.0], [2.0, 2.0, 1.0, 2.0, 3.0, 3.0, 3.0, 2.0, 2.0, 2.0, 3.0, 3.0, 3.0, 2.0, 2.0, 2.0, 4.0, 3.0, 2.0, 2.0, 2.0, 3.0, 2.0, 2.0, 2.0, 2.0, 2.0, 2.0, 0.0, 2.0, 2.0, 1.0, 2.0, 1.0], [3.0, 3.0, 2.0, 3.0, 4.0, 4.0, 4.0, 3.0, 2.0, 2.0, 4.0, 4.0, 4.0, 2.0, 2.0, 2.0, 5.0, 4.0, 2.0, 2.0, 2.0, 4.0, 2.0, 1.0, 3.0, 2.0, 1.0, 2.0, 2.0, 0.0, 2.0, 2.0, 1.0, 1.0], [2.0, 1.0, 2.0, 2.0, 3.0, 3.0, 3.0, 2.0, 1.0, 2.0, 3.0, 3.0, 3.0, 2.0, 2.0, 2.0, 4.0, 2.0, 2.0, 2.0, 2.0, 2.0, 2.0, 2.0, 3.0, 3.0, 2.0, 2.0, 2.0, 2.0, 0.0, 2.0, 1.0, 1.0], [1.0, 2.0, 2.0, 2.0, 2.0, 2.0, 2.0, 2.0, 2.0, 2.0, 2.0, 2.0, 2.0, 2.0, 2.0, 2.0, 3.0, 2.0, 2.0, 2.0, 2.0, 2.0, 2.0, 2.0, 1.0, 1.0, 2.0, 2.0, 1.0, 2.0, 2.0, 0.0, 1.0, 1.0], [2.0, 2.0, 1.0, 2.0, 3.0, 3.0, 3.0, 2.0, 1.0, 2.0, 3.0, 3.0, 3.0, 2.0, 1.0, 1.0, 4.0, 3.0, 1.0, 2.0, 1.0, 3.0, 1.0, 1.0, 2.0, 2.0, 2.0, 2.0, 2.0, 1.0, 1.0, 1.0, 0.0, 1.0], [2.0, 2.0, 2.0, 2.0, 3.0, 3.0, 3.0, 3.0, 1.0, 1.0, 3.0, 3.0, 3.0, 1.0, 1.0, 1.0, 4.0, 3.0, 1.0, 1.0, 1.0, 3.0, 1.0, 1.0, 2.0, 2.0, 1.0, 1.0, 1.0, 1.0, 1.0, 1.0, 1.0, 0.0]], "euclideanDistance": [[0.0, 111.31226697303572, 186.0633962319971, 277.2534718844501, 108.84112851263035, 203.23672673262266, 161.64312601574147, 188.43188550803237, 205.5234243082199, 299.54846783459925, 205.27031584996885, 208.5291996072443, 112.86571192554935, 286.23956016241897, 76.0708461538977, 208.2904555815305, 217.13549178474426, 239.67519484646135, 199.9499992674093, 123.46929756452676, 226.30628906589675, 330.25427780034784, 253.50743431220565, 268.9966763876657, 58.082786811195, 274.2512068437458, 320.8288604888705, 238.000506863399, 147.5731092054352, 241.44113343433347, 183.3718853002241, 227.84181839614303, 141.3031899617161, 192.98635232012163], [111.31226697303572, 0.0, 276.5620619233646, 267.63849211786686, 91.62457066267959, 209.01350540066454, 226.50940875306193, 205.9699233778321, 99.63741415039172, 211.9099584831148, 259.91238109414525, 129.77185167479382, 222.97168797626014, 299.11988081691123, 172.0801468176143, 268.70253209426306, 307.792476626513, 200.50931048414213, 304.19294126774315, 215.18786140346486, 313.40793016612514, 253.0183028189594, 308.39169489481685, 170.99884216043, 60.82941473253284, 275.02798390375256, 252.03719194923497, 289.5084185796294, 258.8821123469871, 315.96921570770405, 250.98177091271955, 322.7078307890016, 242.37073049590936, 152.91126373472352], [186.0633962319971, 276.5620619233646, 0.0, 250.9820096968045, 209.23068814415134, 189.76621225399543, 77.68292117923947, 166.7123754309097, 376.14934507527886, 390.0904610647363, 99.08910662812879, 392.4876118298763, 109.68390330353914, 218.41133535263117, 203.65655709048744, 86.83611119939397, 31.43855245819708, 274.220767625302, 65.45918646247543, 62.965362908737326, 40.85119325345857, 397.6369256783806, 119.59696355996354, 382.9040161982472, 216.51002187198617, 231.84506338017079, 376.04919622596486, 118.01837966858602, 133.08628627628738, 72.1372086621976, 66.72198151323808, 47.670158834851854, 55.55368729320378, 378.19425204951693], [277.2534718844501, 267.63849211786686, 250.9820096968045, 0.0, 183.52191858681147, 75.68546281423839, 178.3347902281613, 95.93779576363976, 332.55235376924634, 210.0431849588264, 154.00806362826117, 390.6009702126951, 307.7973493383662, 60.688597880802895, 347.2896879804886, 168.61155792292507, 264.5141174058245, 85.5130824234062, 315.60327290261495, 239.2557868453543, 255.62026929634095, 188.47997834938357, 164.15212330896736, 236.84919908277965, 246.06880889265872, 25.654236836918543, 159.8912846405104, 150.24701360732223, 350.4483077507252, 219.33780833801887, 184.26038632906958, 286.6667570181288, 273.3606909414051, 420.2607590892551], [108.84112851263035, 91.62457066267959, 209.23068814415134, 183.52191858681147, 0.0, 118.76982119114616, 145.8160608752192, 114.37519309164692, 180.90362758984148, 199.12936204688828, 172.92431639041672, 221.29217734515834, 190.97569905397893, 208.9671127087771, 184.89362074576704, 183.4333960324184, 238.70603934917284, 132.3519900021461, 251.59520372919508, 155.24524954062005, 241.06157468054732, 224.13961719989442, 220.09978095599436, 179.14667322512037, 63.749540999072494, 187.388291199804, 212.7892543192148, 200.73183311876892, 234.24773232594032, 235.2971388296358, 169.86871347949906, 256.8962969925398, 189.76158466277894, 239.7310795289122], [203.23672673262266, 209.01350540066454, 189.76621225399543, 75.68546281423839, 118.76982119114616, 0.0, 112.71542863707899, 23.336232027321515, 287.8513491096686, 216.61920344302786, 103.48960928900571, 337.29719630336075, 233.99588318075726, 90.23288307824446, 271.9446869040536, 118.79014410009324, 208.97893623271378, 88.14518259640721, 251.65445250129486, 167.84164526969735, 203.29269111860714, 213.20240866890308, 134.35956473257127, 226.3424081536537, 177.53340977655557, 71.27587540160124, 189.0813181284851, 115.41307777341972, 277.38974194906916, 175.9684371805897, 125.22386855232504, 231.08948981711168, 203.5520095437619, 358.47384217572255], [161.64312601574147, 226.50940875306193, 77.68292117923947, 178.3347902281613, 145.8160608752192, 112.71542863707899, 0.0, 89.46919539520617, 323.53778180124283, 314.44976690488505, 45.67139971648598, 351.9461536830576, 138.385197691779, 155.94248007340678, 207.295929194487, 46.64785167252953, 100.68985050724729, 196.54628000528038, 139.0307692580875, 65.99956864250956, 98.9670866275105, 320.22155550856127, 92.06847395749165, 310.85172161639883, 171.49102579761274, 162.01093079515027, 298.39256905204076, 77.97518374914308, 177.21809054031772, 89.89867641551153, 24.486467251885927, 121.92288916023264, 96.07973962683387, 350.832757880174], [188.43188550803237, 205.9699233778321, 166.7123754309097, 95.93779576363976, 114.37519309164692, 23.336232027321515, 89.46919539520617, 0.0, 290.2486896349951, 234.73307484161776, 83.69755548419677, 335.4785398197699, 212.0961676657423, 98.62760842509147, 254.5296051484873, 98.68971484778164, 186.59846407788953, 109.228920984936, 228.34816663716927, 144.97404779701975, 181.48076626250594, 234.22613116593968, 119.70931752210359, 240.60227694872893, 168.53312270970477, 87.13532950761869, 210.85894329300365, 100.09224957892123, 255.1463701351368, 156.35735073368932, 102.815677918138, 208.62011077152815, 180.4339743377198, 352.1826428047874], [205.5234243082199, 99.63741415039172, 376.14934507527886, 332.55235376924634, 180.90362758984148, 287.8513491096686, 323.53778180124283, 290.2486896349951, 0.0, 205.53670947069486, 353.72182569915566, 73.60761542021345, 318.3872148782612, 374.74432773776863, 252.45999912371727, 363.76471179850597, 407.3381405565552, 252.38791513468863, 402.77289479497665, 314.81073069887117, 412.6903351295406, 256.4284103114944, 400.97527316699166, 152.67881571628132, 160.26086242896486, 345.5995712251865, 266.6220163794274, 381.5433425356914, 350.92509291077994, 413.39789648793516, 347.99806329390526, 422.3448944249302, 341.3903157109753, 136.89126411352913], [299.54846783459925, 211.9099584831148, 390.0904610647363, 210.0431849588264, 199.12936204688828, 216.61920344302786, 314.44976690488505, 234.73307484161776, 205.53670947069486, 0.0, 318.4159265890919, 278.98671761992466, 389.96909206511543, 269.48171599388957, 373.0767036390137, 333.2978283597596, 415.1325906406101, 131.96777229738916, 442.60748135781415, 346.6865423615207, 412.6379990480358, 52.26945811725619, 350.5038857835548, 53.49827222327138, 242.51789274688022, 233.55764961915978, 71.28364149964578, 331.8963633060818, 433.3769985030837, 391.02233463238446, 333.5005811415936, 436.1338975975654, 383.32661092147913, 336.7202145179127], [205.27031584996885, 259.91238109414525, 99.08910662812879, 154.00806362826117, 172.92431639041672, 103.48960928900571, 45.67139971648598, 83.69755548419677, 353.72182569915566, 318.4159265890919, 0.0, 388.0208503943075, 181.09425788137244, 119.62348680302496, 252.96672777984327, 15.387772554713923, 110.5139946382186, 191.63475200241908, 164.54168368266437, 109.12105689730899, 102.23475888429414, 316.6731525225673, 49.26625601512669, 322.4240939553745, 208.8645085095556, 133.46426685565137, 292.19320283230473, 32.76067977159386, 217.32801478672906, 72.68360634420314, 34.83852481360797, 132.69261535901174, 134.00539028150624, 391.5306160656363], [208.5291996072443, 129.77185167479382, 392.4876118298763, 390.6009702126951, 221.29217734515834, 337.29719630336075, 351.9461536830576, 335.4785398197699, 73.60761542021345, 278.98671761992466, 388.0208503943075, 0.0, 316.5494683600731, 426.86071518747036, 233.69683575135974, 395.87489775778295, 423.88089361724684, 315.0458634873385, 407.6669195536059, 329.5387788475855, 431.6813384489794, 329.566317679912, 436.91865577316537, 226.26455854496362, 180.48728219315092, 400.7085316219025, 338.6622130086735, 418.33969149979913, 341.5720426473847, 439.87751869288013, 376.1629725647491, 435.8750494857554, 349.831804191079, 69.91100239057755], [112.86571192554935, 222.97168797626014, 109.68390330353914, 307.7973493383662, 190.97569905397893, 233.99588318075726, 138.385197691779, 212.0961676657423, 318.3872148782612, 389.96909206511543, 181.09425788137244, 316.5494683600731, 0.0, 293.6105723533328, 98.948642291778, 175.39837569693302, 134.3118538649089, 300.5152205680969, 94.11973813881518, 72.40816883226688, 148.17321182055724, 411.3486794885591, 218.06950199260393, 368.07261659894715, 164.6486898255285, 295.485378545611, 395.96447565117916, 209.96524031293276, 44.62079871188829, 180.75207852488163, 147.5204442413401, 136.2453392532043, 54.27597723461284, 288.334143557961], [286.23956016241897, 299.11988081691123, 218.41133535263117, 60.688597880802895, 208.9671127087771, 90.23288307824446, 155.94248007340678, 98.62760842509147, 374.74432773776863, 269.48171599388957, 119.62348680302496, 426.86071518747036, 293.6105723533328, 0.0, 349.2689856917901, 131.70661720078104, 225.86556632305914, 140.71362221846854, 283.83149564089257, 221.602808480223, 214.64706078374715, 249.16663265561888, 114.2538916062487, 292.9289039090176, 266.4777661485697, 35.94773278733289, 220.5320530778353, 104.92156865608727, 333.16055727241735, 173.6244319218823, 153.91261786117164, 247.2650956462558, 251.2986235526116, 448.5988330737697], [76.0708461538977, 172.0801468176143, 203.65655709048744, 347.2896879804886, 184.89362074576704, 271.9446869040536, 207.295929194487, 254.5296051484873, 252.45999912371727, 373.0767036390137, 252.96672777984327, 233.69683575135974, 98.948642291778, 349.2689856917901, 0.0, 251.89821860047311, 231.0767944072241, 315.07550848197036, 192.12175450453697, 150.28598728552498, 243.88313971050994, 405.5787796243334, 297.3675650593789, 339.24528371884526, 130.6650434144582, 341.61766842324084, 396.74843947357476, 285.06294780180883, 110.62628180772245, 270.9132089979105, 224.264198055375, 234.82793185969348, 149.03648591777653, 194.93347147420647], [208.2904555815305, 268.70253209426306, 86.83611119939397, 168.61155792292507, 183.4333960324184, 118.79014410009324, 46.64785167252953, 98.68971484778164, 363.76471179850597, 333.2978283597596, 15.387772554713923, 395.87489775778295, 175.39837569693302, 131.70661720078104, 251.89821860047311, 0.0, 96.03125207085624, 206.9288081090275, 152.1695915830123, 104.65669835607099, 87.18491515245451, 331.98978761587176, 45.707728624149524, 336.47288577119326, 215.89271033805332, 147.51264877550153, 307.56587462611583, 34.56720996504715, 209.69128391044703, 57.73167822101962, 28.128976058001346, 118.10641379399704, 126.06089642404356, 396.91762109835986], [217.13549178474426, 307.792476626513, 31.43855245819708, 264.5141174058245, 238.70603934917284, 208.97893623271378, 100.68985050724729, 186.59846407788953, 407.3381405565552, 415.1325906406101, 110.5139946382186, 423.88089361724684, 134.3118538649089, 225.86556632305914, 231.0767944072241, 96.03125207085624, 0.0, 295.5464008198078, 66.46687198012397, 94.34212604049979, 15.798667025431076, 420.04666067769443, 117.8790902879532, 410.24861360624715, 247.8566061145501, 243.52157750533553, 397.3670726612147, 121.51845894813815, 150.6970496560289, 60.456749155882044, 83.79144023080386, 22.254277872907295, 82.0740747931191, 408.843433976389], [239.67519484646135, 200.50931048414213, 274.220767625302, 85.5130824234062, 132.3519900021461, 88.14518259640721, 196.54628000528038, 109.228920984936, 252.38791513468863, 131.96777229738916, 191.63475200241908, 315.0458634873385, 300.5152205680969, 140.71362221846854, 315.07550848197036, 206.9288081090275, 295.5464008198078, 0.0, 333.2823044798528, 242.67339750516285, 290.70687797975876, 125.10255993281332, 219.68742769820838, 152.28623864497933, 195.08469833309627, 105.56245587764803, 101.88640257747507, 201.6189250626352, 345.1082903597677, 264.0687062860201, 211.86817301558733, 317.44189994006024, 279.80907538200955, 352.4176014119732], [199.9499992674093, 304.19294126774315, 65.45918646247543, 315.60327290261495, 251.59520372919508, 251.65445250129486, 139.0307692580875, 228.34816663716927, 402.77289479497665, 442.60748135781415, 164.54168368266437, 407.6669195536059, 94.11973813881518, 283.83149564089257, 192.12175450453697, 152.1695915830123, 66.46687198012397, 333.2823044798528, 0.0, 96.64020061494422, 82.06592558480189, 454.5273953111068, 181.75053225621906, 429.99792241816124, 243.51674803759224, 297.00147605427685, 434.4800060352194, 182.36947489461548, 93.66083646512291, 126.68154801857, 131.66404363770212, 54.83300940221648, 62.57450446204662, 382.2487883206484], [123.46929756452676, 215.18786140346486, 62.965362908737326, 239.2557868453543, 155.24524954062005, 167.84164526969735, 65.99956864250956, 144.97404779701975, 314.81073069887117, 346.6865423615207, 109.12105689730899, 329.5387788475855, 72.40816883226688, 221.602808480223, 150.28598728552498, 104.65669835607099, 94.34212604049979, 242.67339750516285, 96.64020061494422, 0.0, 102.85289698647449, 360.8733272239272, 148.96813227940086, 333.3656388014581, 154.65559604378635, 225.2404453981588, 342.3012825081599, 139.04016921723442, 111.9917925872104, 121.706253893222, 76.5291084770973, 107.62032579610133, 37.26198094880119, 316.155018443505], [226.30628906589675, 313.40793016612514, 40.85119325345857, 255.62026929634095, 241.06157468054732, 203.29269111860714, 98.9670866275105, 181.48076626250594, 412.6903351295406, 412.6379990480358, 102.23475888429414, 431.6813384489794, 148.17321182055724, 214.64706078374715, 243.88313971050994, 87.18491515245451, 15.798667025431076, 290.70687797975876, 82.06592558480189, 102.85289698647449, 0.0, 415.6202424156205, 104.52644016836989, 409.79139238682694, 254.09916729335245, 233.89807718419274, 392.2673364005218, 109.79568020986547, 166.10158023887928, 45.60739041316107, 79.28662014393849, 33.1097738341081, 94.97898594197825, 418.769968589989], [330.25427780034784, 253.0183028189594, 397.6369256783806, 188.47997834938357, 224.13961719989442, 213.20240866890308, 320.22155550856127, 234.22613116593968, 256.4284103114944, 52.26945811725619, 316.6731525225673, 329.566317679912, 411.3486794885591, 249.16663265561888, 405.5787796243334, 331.98978761587176, 420.04666067769443, 125.10255993281332, 454.5273953111068, 360.8733272239272, 415.6202424156205, 0.0, 342.51901061010363, 105.56388345857738, 275.42351000674444, 213.70487602601088, 29.317786765867215, 325.17773002870496, 455.64295533135066, 388.9754228299708, 336.57996808675057, 441.7855945585194, 398.0928561136711, 385.28784646841723], [253.50743431220565, 308.39169489481685, 119.59696355996354, 164.15212330896736, 220.09978095599436, 134.35956473257127, 92.06847395749165, 119.70931752210359, 400.97527316699166, 350.5038857835548, 49.26625601512669, 436.91865577316537, 218.06950199260393, 114.2538916062487, 297.3675650593789, 45.707728624149524, 117.8790902879532, 219.68742769820838, 181.75053225621906, 148.96813227940086, 104.52644016836989, 342.51901061010363, 0.0, 359.977637490754, 258.07472820458935, 139.7283261672558, 316.09675223447783, 19.827770227920443, 249.60647723781662, 60.505197550677416, 73.11508949378633, 137.63199210151228, 166.51060302027764, 440.7433094358455], [268.9966763876657, 170.99884216043, 382.9040161982472, 236.84919908277965, 179.14667322512037, 226.3424081536537, 310.85172161639883, 240.60227694872893, 152.67881571628132, 53.49827222327138, 322.4240939553745, 226.26455854496362, 368.07261659894715, 292.9289039090176, 339.24528371884526, 336.47288577119326, 410.24861360624715, 152.28623864497933, 429.99792241816124, 333.3656388014581, 409.79139238682694, 105.56388345857738, 359.977637490754, 0.0, 210.9238853084429, 257.8389215654812, 121.10489245964934, 340.54484836433835, 409.9109077175091, 393.7043076339205, 332.18089829065724, 430.15860602594086, 368.6468814331082, 285.7256590876317], [58.082786811195, 60.82941473253284, 216.51002187198617, 246.06880889265872, 63.749540999072494, 177.53340977655557, 171.49102579761274, 168.53312270970477, 160.26086242896486, 242.51789274688022, 208.8645085095556, 180.48728219315092, 164.6486898255285, 266.4777661485697, 130.6650434144582, 215.89271033805332, 247.8566061145501, 195.08469833309627, 243.51674803759224, 154.65559604378635, 254.09916729335245, 275.42351000674444, 258.07472820458935, 210.9238853084429, 0.0, 248.0266490115151, 268.05040420844927, 240.11660967023855, 202.99481511871872, 259.57089572942743, 195.6774845416337, 262.2632603321103, 181.5728656036219, 185.00119635964032], [274.2512068437458, 275.02798390375256, 231.84506338017079, 25.654236836918543, 187.388291199804, 71.27587540160124, 162.01093079515027, 87.13532950761869, 345.5995712251865, 233.55764961915978, 133.46426685565137, 400.7085316219025, 295.485378545611, 35.94773278733289, 341.61766842324084, 147.51264877550153, 243.52157750533553, 105.56245587764803, 297.00147605427685, 225.2404453981588, 233.89807718419274, 213.70487602601088, 139.7283261672558, 257.8389215654812, 248.0266490115151, 0.0, 185.27069390579396, 126.73697777423723, 337.1303041985169, 196.1564595255976, 165.33968080674077, 265.5228514675945, 257.95405512304706, 426.55911237913074], [320.8288604888705, 252.03719194923497, 376.04919622596486, 159.8912846405104, 212.7892543192148, 189.0813181284851, 298.39256905204076, 210.85894329300365, 266.6220163794274, 71.28364149964578, 292.19320283230473, 338.6622130086735, 395.96447565117916, 220.5320530778353, 396.74843947357476, 307.56587462611583, 397.3670726612147, 101.88640257747507, 434.4800060352194, 342.3012825081599, 392.2673364005218, 29.317786765867215, 316.09675223447783, 121.10489245964934, 268.05040420844927, 185.27069390579396, 0.0, 299.1634457255315, 440.4990519196796, 364.0694519074779, 313.63461012110594, 419.2966220996092, 379.55977297297045, 390.8855987404714], [238.000506863399, 289.5084185796294, 118.01837966858602, 150.24701360732223, 200.73183311876892, 115.41307777341972, 77.97518374914308, 100.09224957892123, 381.5433425356914, 331.8963633060818, 32.76067977159386