{"name": "karate_random", "nodes": [{"index": 0, "id": "0", "x": 398.57830769201433, "y": 426.63208591933414}, {"index": 1, "id": "1", "x": 83.28384537039713, "y": 317.9800796089649}, {"index": 2, "id": "2", "x": 67.59289340668039, "y": 266.3890382083254}, {"index": 3, "id": "3", "x": 425.00894049346573, "y": 57.65348479638416}, {"index": 4, "id": "4", "x": 212.40861049247707, "y": 91.15051170376742}, {"index": 5, "id": "5", "x": 279.46937255986865, "y": 386.96288162071227}, {"index": 6, "id": "6", "x": 12.184895587719755, "y": 99.68847336593196}, {"index": 7, "id": "7", "x": 385.22187584519565, "y": 102.50388823243577}, {"index": 8, "id": "8", "x": 69.82486838032685, "y": 358.4054082432595}, {"index": 9, "id": "9", "x": 237.88804283658516, "y": 335.8614343160187}, {"index": 10, "id": "10", "x": 133.41387565593047, "y": 440.0}, {"index": 11, "id": "11", "x": 136.04612917851622, "y": 23.394939434162186}, {"index": 12, "id": "12", "x": 277.0919691170607, "y": 427.85660686098134}, {"index": 13, "id": "13", "x": 389.8423252293575, "y": 279.85687444205183}, {"index": 14, "id": "14", "x": 350.2291010827897, "y": 10.0}, {"index": 15, "id": "15", "x": 350.29499598690603, "y": 288.5163185425076}, {"index": 16, "id": "16", "x": 358.8553072007883, "y": 300.39844525943033}, {"index": 17, "id": "17", "x": 264.5229183247178, "y": 404.41411557594125}, {"index": 18, "id": "18", "x": 259.62070830225645, "y": 91.07468587359587}, {"index": 19, "id": "19", "x": 137.35116793079226, "y": 335.67355597478127}, {"index": 20, "id": "20", "x": 223.60866321172693, "y": 373.26390861060867}, {"index": 21, "id": "21", "x": 357.77208104147667, "y": 158.7294619729121}, {"index": 22, "id": "22", "x": 196.89005904809065, "y": 205.38005025883984}, {"index": 23, "id": "23", "x": 405.09867403640163, "y": 371.6780516558589}, {"index": 24, "id": "24", "x": 46.51469739525426, "y": 49.88677929678781}, {"index": 25, "id": "25", "x": 439.99999999999994, "y": 150.19003038631075}, {"index": 26, "id": "26", "x": 10.0, "y": 130.02545602678796}, {"index": 27, "id": "27", "x": 427.25182915666915, "y": 73.11500689992931}, {"index": 28, "id": "28", "x": 165.63122305470722, "y": 11.184356212915855}, {"index": 29, "id": "29", "x": 391.3121455674636, "y": 96.54275220287735}, {"index": 30, "id": "30", "x": 288.0450365692233, "y": 65.45639018217904}, {"index": 31, "id": "31", "x": 406.0661753658215, "y": 23.539237660147364}, {"index": 32, "id": "32", "x": 49.627380679504476, "y": 374.7386282693164}, {"index": 33, "id": "33", "x": 204.00090318594883, "y": 366.87676368246764}], "edges": [{"source": "0", "target": "1"}, {"source": "0", "target": "2"}, {"source": "0", "target": "3"}, {"source": "0", "target": "4"}, {"source": "0", "target": "5"}, {"source": "0", "target": "6"}, {"source": "0", "target": "7"}, {"source": "0", "target": "8"}, {"source": "0", "target": "10"}, {"source": "0", "target": "11"}, {"source": "0", "target": "12"}, {"source": "0", "target": "13"}, {"source": "0", "target": "17"}, {"source": "0", "target": "19"}, {"source": "0", "target": "21"}, {"source": "0", "target": "31"}, {"source": "1", "target": "2"}, {"source": "1", "target": "3"}, {"source": "1", "target": "7"}, {"source": "1", "target": "13"}, {"source": "1", "target": "17"}, {"source": "1", "target": "19"}, {"source": "1", "target": "21"}, {"source": "1", "target": "30"}, {"source": "2", "target": "3"}, {"source": "2", "target": "7"}, {"source": "2", "target": "8"}, {"source": "2", "target": "9"}, {"source": "2", "target": "13"}, {"source": "2", "target": "27"}, {"source": "2", "target": "28"}, {"source": "2", "target": "32"}, {"source": "3", "target": "7"}, {"source": "3", "target": "12"}, {"source": "3", "target": "13"}, {"source": "4", "target": "6"}, {"source": "4", "target": "10"}, {"source": "5", "target": "6"}, {"source": "5", "target": "10"}, {"source": "5", "target": "16"}, {"source": "6", "target": "16"}, {"source": "8", "target": "30"}, {"source": "8", "target": "32"}, {"source": "8", "target": "33"}, {"source": "9", "target": "33"}, {"source": "13", "target": "33"}, {"source": "14", "target": "32"}, {"source": "14", "target": "33"}, {"source": "15", "target": "32"}, {"source": "15", "target": "33"}, {"source": "18", "target": "32"}, {"source": "18", "target": "33"}, {"source": "19", "target": "33"}, {"source": "20", "target": "32"}, {"source": "20", "target": "33"}, {"source": "22", "target": "32"}, {"source": "22", "target": "33"}, {"source": "23", "target": "25"}, {"source": "23", "target": "27"}, {"source": "23", "target": "29"}, {"source": "23", "target": "32"}, {"source": "23", "target": "33"}, {"source": "24", "target": "25"}, {"source": "24", "target": "27"}, {"source": "24", "target": "31"}, {"source": "25", "target": "31"}, {"source": "26", "target": "29"}, {"source": "26", "target": "33"}, {"source": "27", "target": "33"}, {"source": "28", "target": "31"}, {"source": "28", "target": "33"}, {"source": "29", "target": "32"}, {"source": "29", "target": "33"}, {"source": "30", "target": "32"}, {"source": "30", "target": "33"}, {"source": "31", "target": "32"}, {"source": "31", "target": "33"}, {"source": "32", "target": "33"}], "weight": [[1.0, 1.0, 1.0, 1.0, 1.0, 1.0, 1.0, 1.0, 1.0, 0.25, 1.0, 1.0, 1.0, 1.0, 0.1111111119389534, 0.1111111119389534, 0.25, 1.0, 0.1111111119389534, 1.0, 0.1111111119389534, 1.0, 0.1111111119389534, 0.1111111119389534, 0.25, 0.25, 0.1111111119389534, 0.25, 0.25, 0.1111111119389534, 0.25, 1.0, 0.25, 0.25], [1.0, 1.0, 1.0, 1.0, 0.25, 0.25, 0.25, 1.0, 0.25, 0.25, 0.25, 0.25, 0.25, 1.0, 0.1111111119389534, 0.1111111119389534, 0.1111111119389534, 1.0, 0.1111111119389534, 1.0, 0.1111111119389534, 1.0, 0.1111111119389534, 0.1111111119389534, 0.1111111119389534, 0.1111111119389534, 0.1111111119389534, 0.25, 0.25, 0.1111111119389534, 1.0, 0.25, 0.25, 0.25], [1.0, 1.0, 1.0, 1.0, 0.25, 0.25, 0.25, 1.0, 1.0, 1.0, 0.25, 0.25, 0.25, 1.0, 0.25, 0.25, 0.1111111119389534, 0.25, 0.25, 0.25, 0.25, 0.25, 0.25, 0.25, 0.25, 0.1111111119389534, 0.1111111119389534, 1.0, 1.0, 0.25, 0.25, 0.25, 1.0, 0.25], [1.0, 1.0, 1.0, 1.0, 0.25, 0.25, 0.25, 1.0, 0.25, 0.25, 0.25, 0.25, 1.0, 1.0, 0.1111111119389534, 0.1111111119389534, 0.1111111119389534, 0.25, 0.1111111119389534, 0.25, 0.1111111119389534, 0.25, 0.1111111119389534, 0.1111111119389534, 0.1111111119389534, 0.1111111119389534, 0.1111111119389534, 0.25, 0.25, 0.1111111119389534, 0.25, 0.25, 0.25, 0.25], [1.0, 0.25, 0.25, 0.25, 1.0, 0.25, 1.0, 0.25, 0.25, 0.1111111119389534, 1.0, 0.25, 0.25, 0.25, 0.0625, 0.0625, 0.25, 0.25, 0.0625, 0.25, 0.0625, 0.25, 0.0625, 0.0625, 0.1111111119389534, 0.1111111119389534, 0.0625, 0.1111111119389534, 0.1111111119389534, 0.0625, 0.1111111119389534, 0.25, 0.1111111119389534, 0.1111111119389534], [1.0, 0.25, 0.25, 0.25, 0.25, 1.0, 1.0, 0.25, 0.25, 0.1111111119389534, 1.0, 0.25, 0.25, 0.25, 0.0625, 0.0625, 1.0, 0.25, 0.0625, 0.25, 0.0625, 0.25, 0.0625, 0.0625, 0.1111111119389534, 0.1111111119389534, 0.0625, 0.1111111119389534, 0.1111111119389534, 0.0625, 0.1111111119389534, 0.25, 0.1111111119389534, 0.1111111119389534], [1.0, 0.25, 0.25, 0.25, 1.0, 1.0, 1.0, 0.25, 0.25, 0.1111111119389534, 0.25, 0.25, 0.25, 0.25, 0.0625, 0.0625, 1.0, 0.25, 0.0625, 0.25, 0.0625, 0.25, 0.0625, 0.0625, 0.1111111119389534, 0.1111111119389534, 0.0625, 0.1111111119389534, 0.1111111119389534, 0.0625, 0.1111111119389534, 0.25, 0.1111111119389534, 0.1111111119389534], [1.0, 1.0, 1.0, 1.0, 0.25, 0.25, 0.25, 1.0, 0.25, 0.25, 0.25, 0.25, 0.25, 0.25, 0.1111111119389534, 0.1111111119389534, 0.1111111119389534, 0.25, 0.1111111119389534, 0.25, 0.1111111119389534, 0.25, 0.1111111119389534, 0.1111111119389534, 0.1111111119389534, 0.1111111119389534, 0.0625, 0.25, 0.25, 0.1111111119389534, 0.25, 0.25, 0.25, 0.1111111119389534], [1.0, 0.25, 1.0, 0.25, 0.25, 0.25, 0.25, 0.25, 1.0, 0.25, 0.25, 0.25, 0.25, 0.25, 0.25, 0.25, 0.1111111119389534, 0.25, 0.25, 0.25, 0.25, 0.25, 0.25, 0.25, 0.1111111119389534, 0.1111111119389534, 0.25, 0.25, 0.25, 0.25, 1.0, 0.25, 1.0, 1.0], [0.25, 0.25, 1.0, 0.25, 0.1111111119389534, 0.1111111119389534, 0.1111111119389534, 0.25, 0.25, 1.0, 0.1111111119389534, 0.1111111119389534, 0.1111111119389534, 0.25, 0.25, 0.25, 0.0625, 0.1111111119389534, 0.25, 0.25, 0.25, 0.1111111119389534, 0.25, 0.25, 0.1111111119389534, 0.1111111119389534, 0.25, 0.25, 0.25, 0.25, 0.25, 0.25, 0.25, 1.0], [1.0, 0.25, 0.25, 0.25, 1.0, 1.0, 0.25, 0.25, 0.25, 0.1111111119389534, 1.0, 0.25, 0.25, 0.25, 0.0625, 0.0625, 0.25, 0.25, 0.0625, 0.25, 0.0625, 0.25, 0.0625, 0.0625, 0.1111111119389534, 0.1111111119389534, 0.0625, 0.1111111119389534, 0.1111111119389534, 0.0625, 0.1111111119389534, 0.25, 0.1111111119389534, 0.1111111119389534], [1.0, 0.25, 0.25, 0.25, 0.25, 0.25, 0.25, 0.25, 0.25, 0.1111111119389534, 0.25, 1.0, 0.25, 0.25, 0.0625, 0.0625, 0.1111111119389534, 0.25, 0.0625, 0.25, 0.0625, 0.25, 0.0625, 0.0625, 0.1111111119389534, 0.1111111119389534, 0.0625, 0.1111111119389534, 0.1111111119389534, 0.0625, 0.1111111119389534, 0.25, 0.1111111119389534, 0.1111111119389534], [1.0, 0.25, 0.25, 1.0, 0.25, 0.25, 0.25, 0.25, 0.25, 0.1111111119389534, 0.25, 0.25, 1.0, 0.25, 0.0625, 0.0625, 0.1111111119389534, 0.25, 0.0625, 0.25, 0.0625, 0.25, 0.0625, 0.0625, 0.1111111119389534, 0.1111111119389534, 0.0625, 0.1111111119389534, 0.1111111119389534, 0.0625, 0.1111111119389534, 0.25, 0.1111111119389534, 0.1111111119389534], [1.0, 1.0, 1.0, 1.0, 0.25, 0.25, 0.25, 0.25, 0.25, 0.25, 0.25, 0.25, 0.25, 1.0, 0.25, 0.25, 0.1111111119389534, 0.25, 0.25, 0.25, 0.25, 0.25, 0.25, 0.25, 0.1111111119389534, 0.1111111119389534, 0.25, 0.25, 0.25, 0.25, 0.25, 0.25, 0.25, 1.0], [0.1111111119389534, 0.1111111119389534, 0.25, 0.1111111119389534, 0.0625, 0.0625, 0.0625, 0.1111111119389534, 0.25, 0.25, 0.0625, 0.0625, 0.0625, 0.25, 1.0, 0.25, 0.03999999910593033, 0.0625, 0.25, 0.25, 0.25, 0.0625, 0.25, 0.25, 0.1111111119389534, 0.1111111119389534, 0.25, 0.25, 0.25, 0.25, 0.25, 0.25, 1.0, 1.0], [0.1111111119389534, 0.1111111119389534, 0.25, 0.1111111119389534, 0.0625, 0.0625, 0.0625, 0.1111111119389534, 0.25, 0.25, 0.0625, 0.0625, 0.0625, 0.25, 0.25, 1.0, 0.03999999910593033, 0.0625, 0.25, 0.25, 0.25, 0.0625, 0.25, 0.25, 0.1111111119389534, 0.1111111119389534, 0.25, 0.25, 0.25, 0.25, 0.25, 0.25, 1.0, 1.0], [0.25, 0.1111111119389534, 0.1111111119389534, 0.1111111119389534, 0.25, 1.0, 1.0, 0.1111111119389534, 0.1111111119389534, 0.0625, 0.25, 0.1111111119389534, 0.1111111119389534, 0.1111111119389534, 0.03999999910593033, 0.03999999910593033, 1.0, 0.1111111119389534, 0.03999999910593033, 0.1111111119389534, 0.03999999910593033, 0.1111111119389534, 0.03999999910593033, 0.03999999910593033, 0.0625, 0.0625, 0.03999999910593033, 0.0625, 0.0625, 0.03999999910593033, 0.0625, 0.1111111119389534, 0.0625, 0.0625], [1.0, 1.0, 0.25, 0.25, 0.25, 0.25, 0.25, 0.25, 0.25, 0.1111111119389534, 0.25, 0.25, 0.25, 0.25, 0.0625, 0.0625, 0.1111111119389534, 1.0, 0.0625, 0.25, 0.0625, 0.25, 0.0625, 0.0625, 0.1111111119389534, 0.1111111119389534, 0.0625, 0.1111111119389534, 0.1111111119389534, 0.0625, 0.25, 0.25, 0.1111111119389534, 0.1111111119389534], [0.1111111119389534, 0.1111111119389534, 0.25, 0.1111111119389534, 0.0625, 0.0625, 0.0625, 0.1111111119389534, 0.25, 0.25, 0.0625, 0.0625, 0.0625, 0.25, 0.25, 0.25, 0.03999999910593033, 0.0625, 1.0, 0.25, 0.25, 0.0625, 0.25, 0.25, 0.1111111119389534, 0.1111111119389534, 0.25, 0.25, 0.25, 0.25, 0.25, 0.25, 1.0, 1.0], [1.0, 1.0, 0.25, 0.25, 0.25, 0.25, 0.25, 0.25, 0.25, 0.25, 0.25, 0.25, 0.25, 0.25, 0.25, 0.25, 0.1111111119389534, 0.25, 0.25, 1.0, 0.25, 0.25, 0.25, 0.25, 0.1111111119389534, 0.1111111119389534, 0.25, 0.25, 0.25, 0.25, 0.25, 0.25, 0.25, 1.0], [0.1111111119389534, 0.1111111119389534, 0.25, 0.1111111119389534, 0.0625, 0.0625, 0.0625, 0.1111111119389534, 0.25, 0.25, 0.0625, 0.0625, 0.0625, 0.25, 0.25, 0.25, 0.03999999910593033, 0.0625, 0.25, 0.25, 1.0, 0.0625, 0.25, 0.25, 0.1111111119389534, 0.1111111119389534, 0.25, 0.25, 0.25, 0.25, 0.25, 0.25, 1.0, 1.0], [1.0, 1.0, 0.25, 0.25, 0.25, 0.25, 0.25, 0.25, 0.25, 0.1111111119389534, 0.25, 0.25, 0.25, 0.25, 0.0625, 0.0625, 0.1111111119389534, 0.25, 0.0625, 0.25, 0.0625, 1.0, 0.0625, 0.0625, 0.1111111119389534, 0.1111111119389534, 0.0625, 0.1111111119389534, 0.1111111119389534, 0.0625, 0.25, 0.25, 0.1111111119389534, 0.1111111119389534], [0.1111111119389534, 0.1111111119389534, 0.25, 0.1111111119389534, 0.0625, 0.0625, 0.0625, 0.1111111119389534, 0.25, 0.25, 0.0625, 0.0625, 0.0625, 0.25, 0.25, 0.25, 0.03999999910593033, 0.0625, 0.25, 0.25, 0.25, 0.0625, 1.0, 0.25, 0.1111111119389534, 0.1111111119389534, 0.25, 0.25, 0.25, 0.25, 0.25, 0.25, 1.0, 1.0], [0.1111111119389534, 0.1111111119389534, 0.25, 0.1111111119389534, 0.0625, 0.0625, 0.0625, 0.1111111119389534, 0.25, 0.25, 0.0625, 0.0625, 0.0625, 0.25, 0.25, 0.25, 0.03999999910593033, 0.0625, 0.25, 0.25, 0.25, 0.0625, 0.25, 1.0, 0.25, 1.0, 0.25, 1.0, 0.25, 1.0, 0.25, 0.25, 1.0, 1.0], [0.25, 0.1111111119389534, 0.25, 0.1111111119389534, 0.1111111119389534, 0.1111111119389534, 0.1111111119389534, 0.1111111119389534, 0.1111111119389534, 0.1111111119389534, 0.1111111119389534, 0.1111111119389534, 0.1111111119389534, 0.1111111119389534, 0.1111111119389534, 0.1111111119389534, 0.0625, 0.1111111119389534, 0.1111111119389534, 0.1111111119389534, 0.1111111119389534, 0.1111111119389534, 0.1111111119389534, 0.25, 1.0, 1.0, 0.1111111119389534, 1.0, 0.25, 0.1111111119389534, 0.1111111119389534, 1.0, 0.25, 0.25], [0.25, 0.1111111119389534, 0.1111111119389534, 0.1111111119389534, 0.1111111119389534, 0.1111111119389534, 0.1111111119389534, 0.1111111119389534, 0.1111111119389534, 0.1111111119389534, 0.1111111119389534, 0.1111111119389534, 0.1111111119389534, 0.1111111119389534, 0.1111111119389534, 0.1111111119389534, 0.0625, 0.1111111119389534, 0.1111111119389534, 0.1111111119389534, 0.1111111119389534, 0.1111111119389534, 0.1111111119389534, 1.0, 1.0, 1.0, 0.1111111119389534, 0.25, 0.25, 0.25, 0.1111111119389534, 1.0, 0.25, 0.25], [0.1111111119389534, 0.1111111119389534, 0.1111111119389534, 0.1111111119389534, 0.0625, 0.0625, 0.0625, 0.0625, 0.25, 0.25, 0.0625, 0.0625, 0.0625, 0.25, 0.25, 0.25, 0.03999999910593033, 0.0625, 0.25, 0.25, 0.25, 0.0625, 0.25, 0.25, 0.1111111119389534, 0.1111111119389534, 1.0, 0.25, 0.25, 1.0, 0.25, 0.25, 0.25, 1.0], [0.25, 0.25, 1.0, 0.25, 0.1111111119389534, 0.1111111119389534, 0.1111111119389534, 0.25, 0.25, 0.25, 0.1111111119389534, 0.1111111119389534, 0.1111111119389534, 0.25, 0.25, 0.25, 0.0625, 0.1111111119389534, 0.25, 0.25, 0.25, 0.1111111119389534, 0.25, 1.0, 1.0, 0.25, 0.25, 1.0, 0.25, 0.25, 0.25, 0.25, 0.25, 1.0], [0.25, 0.25, 1.0, 0.25, 0.1111111119389534, 0.1111111119389534, 0.1111111119389534, 0.25, 0.25, 0.25, 0.1111111119389534, 0.1111111119389534, 0.1111111119389534, 0.25, 0.25, 0.25, 0.0625, 0.1111111119389534, 0.25, 0.25, 0.25, 0.1111111119389534, 0.25, 0.25, 0.25, 0.25, 0.25, 0.25, 1.0, 0.25, 0.25, 1.0, 0.25, 1.0], [0.1111111119389534, 0.1111111119389534, 0.25, 0.1111111119389534, 0.0625, 0.0625, 0.0625, 0.1111111119389534, 0.25, 0.25, 0.0625, 0.0625, 0.0625, 0.25, 0.25, 0.25, 0.03999999910593033, 0.0625, 0.25, 0.25, 0.25, 0.0625, 0.25, 1.0, 0.1111111119389534, 0.25, 1.0, 0.25, 0.25, 1.0, 0.25, 0.25, 1.0, 1.0], [0.25, 1.0, 0.25, 0.25, 0.1111111119389534, 0.1111111119389534, 0.1111111119389534, 0.25, 1.0, 0.25, 0.1111111119389534, 0.1111111119389534, 0.1111111119389534, 0.25, 0.25, 0.25, 0.0625, 0.25, 0.25, 0.25, 0.25, 0.25, 0.25, 0.25, 0.1111111119389534, 0.1111111119389534, 0.25, 0.25, 0.25, 0.25, 1.0, 0.25, 1.0, 1.0], [1.0, 0.25, 0.25, 0.25, 0.25, 0.25, 0.25, 0.25, 0.25, 0.25, 0.25, 0.25, 0.25, 0.25, 0.25, 0.25, 0.1111111119389534, 0.25, 0.25, 0.25, 0.25, 0.25, 0.25, 0.25, 1.0, 1.0, 0.25, 0.25, 1.0, 0.25, 0.25, 1.0, 1.0, 1.0], [0.25, 0.25, 1.0, 0.25, 0.1111111119389534, 0.1111111119389534, 0.1111111119389534, 0.25, 1.0, 0.25, 0.1111111119389534, 0.1111111119389534, 0.1111111119389534, 0.25, 1.0, 1.0, 0.0625, 0.1111111119389534, 1.0, 0.25, 1.0, 0.1111111119389534, 1.0, 1.0, 0.25, 0.25, 0.25, 0.25, 0.25, 1.0, 1.0, 1.0, 1.0, 1.0], [0.25, 0.25, 0.25, 0.25, 0.1111111119389534, 0.1111111119389534, 0.1111111119389534, 0.1111111119389534, 1.0, 1.0, 0.1111111119389534, 0.1111111119389534, 0.1111111119389534, 1.0, 1.0, 1.0, 0.0625, 0.1111111119389534, 1.0, 1.0, 1.0, 0.1111111119389534, 1.0, 1.0, 0.25, 0.25, 1.0, 1.0, 1.0, 1.0, 1.0, 1.0, 1.0, 1.0]], "shortestPath": [[0.0, 1.0, 1.0, 1.0, 1.0, 1.0, 1.0, 1.0, 1.0, 2.0, 1.0, 1.0, 1.0, 1.0, 3.0, 3.0, 2.0, 1.0, 3.0, 1.0, 3.0, 1.0, 3.0, 3.0, 2.0, 2.0, 3.0, 2.0, 2.0, 3.0, 2.0, 1.0, 2.0, 2.0], [1.0, 0.0, 1.0, 1.0, 2.0, 2.0, 2.0, 1.0, 2.0, 2.0, 2.0, 2.0, 2.0, 1.0, 3.0, 3.0, 3.0, 1.0, 3.0, 1.0, 3.0, 1.0, 3.0, 3.0, 3.0, 3.0, 3.0, 2.0, 2.0, 3.0, 1.0, 2.0, 2.0, 2.0], [1.0, 1.0, 0.0, 1.0, 2.0, 2.0, 2.0, 1.0, 1.0, 1.0, 2.0, 2.0, 2.0, 1.0, 2.0, 2.0, 3.0, 2.0, 2.0, 2.0, 2.0, 2.0, 2.0, 2.0, 2.0, 3.0, 3.0, 1.0, 1.0, 2.0, 2.0, 2.0, 1.0, 2.0], [1.0, 1.0, 1.0, 0.0, 2.0, 2.0, 2.0, 1.0, 2.0, 2.0, 2.0, 2.0, 1.0, 1.0, 3.0, 3.0, 3.0, 2.0, 3.0, 2.0, 3.0, 2.0, 3.0, 3.0, 3.0, 3.0, 3.0, 2.0, 2.0, 3.0, 2.0, 2.0, 2.0, 2.0], [1.0, 2.0, 2.0, 2.0, 0.0, 2.0, 1.0, 2.0, 2.0, 3.0, 1.0, 2.0, 2.0, 2.0, 4.0, 4.0, 2.0, 2.0, 4.0, 2.0, 4.0, 2.0, 4.0, 4.0, 3.0, 3.0, 4.0, 3.0, 3.0, 4.0, 3.0, 2.0, 3.0, 3.0], [1.0, 2.0, 2.0, 2.0, 2.0, 0.0, 1.0, 2.0, 2.0, 3.0, 1.0, 2.0, 2.0, 2.0, 4.0, 4.0, 1.0, 2.0, 4.0, 2.0, 4.0, 2.0, 4.0, 4.0, 3.0, 3.0, 4.0, 3.0, 3.0, 4.0, 3.0, 2.0, 3.0, 3.0], [1.0, 2.0, 2.0, 2.0, 1.0, 1.0, 0.0, 2.0, 2.0, 3.0, 2.0, 2.0, 2.0, 2.0, 4.0, 4.0, 1.0, 2.0, 4.0, 2.0, 4.0, 2.0, 4.0, 4.0, 3.0, 3.0, 4.0, 3.0, 3.0, 4.0, 3.0, 2.0, 3.0, 3.0], [1.0, 1.0, 1.0, 1.0, 2.0, 2.0, 2.0, 0.0, 2.0, 2.0, 2.0, 2.0, 2.0, 2.0, 3.0, 3.0, 3.0, 2.0, 3.0, 2.0, 3.0, 2.0, 3.0, 3.0, 3.0, 3.0, 4.0, 2.0, 2.0, 3.0, 2.0, 2.0, 2.0, 3.0], [1.0, 2.0, 1.0, 2.0, 2.0, 2.0, 2.0, 2.0, 0.0, 2.0, 2.0, 2.0, 2.0, 2.0, 2.0, 2.0, 3.0, 2.0, 2.0, 2.0, 2.0, 2.0, 2.0, 2.0, 3.0, 3.0, 2.0, 2.0, 2.0, 2.0, 1.0, 2.0, 1.0, 1.0], [2.0, 2.0, 1.0, 2.0, 3.0, 3.0, 3.0, 2.0, 2.0, 0.0, 3.0, 3.0, 3.0, 2.0, 2.0, 2.0, 4.0, 3.0, 2.0, 2.0, 2.0, 3.0, 2.0, 2.0, 3.0, 3.0, 2.0, 2.0, 2.0, 2.0, 2.0, 2.0, 2.0, 1.0], [1.0, 2.0, 2.0, 2.0, 1.0, 1.0, 2.0, 2.0, 2.0, 3.0, 0.0, 2.0, 2.0, 2.0, 4.0, 4.0, 2.0, 2.0, 4.0, 2.0, 4.0, 2.0, 4.0, 4.0, 3.0, 3.0, 4.0, 3.0, 3.0, 4.0, 3.0, 2.0, 3.0, 3.0], [1.0, 2.0, 2.0, 2.0, 2.0, 2.0, 2.0, 2.0, 2.0, 3.0, 2.0, 0.0, 2.0, 2.0, 4.0, 4.0, 3.0, 2.0, 4.0, 2.0, 4.0, 2.0, 4.0, 4.0, 3.0, 3.0, 4.0, 3.0, 3.0, 4.0, 3.0, 2.0, 3.0, 3.0], [1.0, 2.0, 2.0, 1.0, 2.0, 2.0, 2.0, 2.0, 2.0, 3.0, 2.0, 2.0, 0.0, 2.0, 4.0, 4.0, 3.0, 2.0, 4.0, 2.0, 4.0, 2.0, 4.0, 4.0, 3.0, 3.0, 4.0, 3.0, 3.0, 4.0, 3.0, 2.0, 3.0, 3.0], [1.0, 1.0, 1.0, 1.0, 2.0, 2.0, 2.0, 2.0, 2.0, 2.0, 2.0, 2.0, 2.0, 0.0, 2.0, 2.0, 3.0, 2.0, 2.0, 2.0, 2.0, 2.0, 2.0, 2.0, 3.0, 3.0, 2.0, 2.0, 2.0, 2.0, 2.0, 2.0, 2.0, 1.0], [3.0, 3.0, 2.0, 3.0, 4.0, 4.0, 4.0, 3.0, 2.0, 2.0, 4.0, 4.0, 4.0, 2.0, 0.0, 2.0, 5.0, 4.0, 2.0, 2.0, 2.0, 4.0, 2.0, 2.0, 3.0, 3.0, 2.0, 2.0, 2.0, 2.0, 2.0, 2.0, 1.0, 1.0], [3.0, 3.0, 2.0, 3.0, 4.0, 4.0, 4.0, 3.0, 2.0, 2.0, 4.0, 4.0, 4.0, 2.0, 2.0, 0.0, 5.0, 4.0, 2.0, 2.0, 2.0, 4.0, 2.0, 2.0, 3.0, 3.0, 2.0, 2.0, 2.0, 2.0, 2.0, 2.0, 1.0, 1.0], [2.0, 3.0, 3.0, 3.0, 2.0, 1.0, 1.0, 3.0, 3.0, 4.0, 2.0, 3.0, 3.0, 3.0, 5.0, 5.0, 0.0, 3.0, 5.0, 3.0, 5.0, 3.0, 5.0, 5.0, 4.0, 4.0, 5.0, 4.0, 4.0, 5.0, 4.0, 3.0, 4.0, 4.0], [1.0, 1.0, 2.0, 2.0, 2.0, 2.0, 2.0, 2.0, 2.0, 3.0, 2.0, 2.0, 2.0, 2.0, 4.0, 4.0, 3.0, 0.0, 4.0, 2.0, 4.0, 2.0, 4.0, 4.0, 3.0, 3.0, 4.0, 3.0, 3.0, 4.0, 2.0, 2.0, 3.0, 3.0], [3.0, 3.0, 2.0, 3.0, 4.0, 4.0, 4.0, 3.0, 2.0, 2.0, 4.0, 4.0, 4.0, 2.0, 2.0, 2.0, 5.0, 4.0, 0.0, 2.0, 2.0, 4.0, 2.0, 2.0, 3.0, 3.0, 2.0, 2.0, 2.0, 2.0, 2.0, 2.0, 1.0, 1.0], [1.0, 1.0, 2.0, 2.0, 2.0, 2.0, 2.0, 2.0, 2.0, 2.0, 2.0, 2.0, 2.0, 2.0, 2.0, 2.0, 3.0, 2.0, 2.0, 0.0, 2.0, 2.0, 2.0, 2.0, 3.0, 3.0, 2.0, 2.0, 2.0, 2.0, 2.0, 2.0, 2.0, 1.0], [3.0, 3.0, 2.0, 3.0, 4.0, 4.0, 4.0, 3.0, 2.0, 2.0, 4.0, 4.0, 4.0, 2.0, 2.0, 2.0, 5.0, 4.0, 2.0, 2.0, 0.0, 4.0, 2.0, 2.0, 3.0, 3.0, 2.0, 2.0, 2.0, 2.0, 2.0, 2.0, 1.0, 1.0], [1.0, 1.0, 2.0, 2.0, 2.0, 2.0, 2.0, 2.0, 2.0, 3.0, 2.0, 2.0, 2.0, 2.0, 4.0, 4.0, 3.0, 2.0, 4.0, 2.0, 4.0, 0.0, 4.0, 4.0, 3.0, 3.0, 4.0, 3.0, 3.0, 4.0, 2.0, 2.0, 3.0, 3.0], [3.0, 3.0, 2.0, 3.0, 4.0, 4.0, 4.0, 3.0, 2.0, 2.0, 4.0, 4.0, 4.0, 2.0, 2.0, 2.0, 5.0, 4.0, 2.0, 2.0, 2.0, 4.0, 0.0, 2.0, 3.0, 3.0, 2.0, 2.0, 2.0, 2.0, 2.0, 2.0, 1.0, 1.0], [3.0, 3.0, 2.0, 3.0, 4.0, 4.0, 4.0, 3.0, 2.0, 2.0, 4.0, 4.0, 4.0, 2.0, 2.0, 2.0, 5.0, 4.0, 2.0, 2.0, 2.0, 4.0, 2.0, 0.0, 2.0, 1.0, 2.0, 1.0, 2.0, 1.0, 2.0, 2.0, 1.0, 1.0], [2.0, 3.0, 2.0, 3.0, 3.0, 3.0, 3.0, 3.0, 3.0, 3.0, 3.0, 3.0, 3.0, 3.0, 3.0, 3.0, 4.0, 3.0, 3.0, 3.0, 3.0, 3.0, 3.0, 2.0, 0.0, 1.0, 3.0, 1.0, 2.0, 3.0, 3.0, 1.0, 2.0, 2.0], [2.0, 3.0, 3.0, 3.0, 3.0, 3.0, 3.0, 3.0, 3.0, 3.0, 3.0, 3.0, 3.0, 3.0, 3.0, 3.0, 4.0, 3.0, 3.0, 3.0, 3.0, 3.0, 3.0, 1.0, 1.0, 0.0, 3.0, 2.0, 2.0, 2.0, 3.0, 1.0, 2.0, 2.0], [3.0, 3.0, 3.0, 3.0, 4.0, 4.0, 4.0, 4.0, 2.0, 2.0, 4.0, 4.0, 4.0, 2.0, 2.0, 2.0, 5.0, 4.0, 2.0, 2.0, 2.0, 4.0, 2.0, 2.0, 3.0, 3.0, 0.0, 2.0, 2.0, 1.0, 2.0, 2.0, 2.0, 1.0], [2.0, 2.0, 1.0, 2.0, 3.0, 3.0, 3.0, 2.0, 2.0, 2.0, 3.0, 3.0, 3.0, 2.0, 2.0, 2.0, 4.0, 3.0, 2.0, 2.0, 2.0, 3.0, 2.0, 1.0, 1.0, 2.0, 2.0, 0.0, 2.0, 2.0, 2.0, 2.0, 2.0, 1.0], [2.0, 2.0, 1.0, 2.0, 3.0, 3.0, 3.0, 2.0, 2.0, 2.0, 3.0, 3.0, 3.0, 2.0, 2.0, 2.0, 4.0, 3.0, 2.0, 2.0, 2.0, 3.0, 2.0, 2.0, 2.0, 2.0, 2.0, 2.0, 0.0, 2.0, 2.0, 1.0, 2.0, 1.0], [3.0, 3.0, 2.0, 3.0, 4.0, 4.0, 4.0, 3.0, 2.0, 2.0, 4.0, 4.0, 4.0, 2.0, 2.0, 2.0, 5.0, 4.0, 2.0, 2.0, 2.0, 4.0, 2.0, 1.0, 3.0, 2.0, 1.0, 2.0, 2.0, 0.0, 2.0, 2.0, 1.0, 1.0], [2.0, 1.0, 2.0, 2.0, 3.0, 3.0, 3.0, 2.0, 1.0, 2.0, 3.0, 3.0, 3.0, 2.0, 2.0, 2.0, 4.0, 2.0, 2.0, 2.0, 2.0, 2.0, 2.0, 2.0, 3.0, 3.0, 2.0, 2.0, 2.0, 2.0, 0.0, 2.0, 1.0, 1.0], [1.0, 2.0, 2.0, 2.0, 2.0, 2.0, 2.0, 2.0, 2.0, 2.0, 2.0, 2.0, 2.0, 2.0, 2.0, 2.0, 3.0, 2.0, 2.0, 2.0, 2.0, 2.0, 2.0, 2.0, 1.0, 1.0, 2.0, 2.0, 1.0, 2.0, 2.0, 0.0, 1.0, 1.0], [2.0, 2.0, 1.0, 2.0, 3.0, 3.0, 3.0, 2.0, 1.0, 2.0, 3.0, 3.0, 3.0, 2.0, 1.0, 1.0, 4.0, 3.0, 1.0, 2.0, 1.0, 3.0, 1.0, 1.0, 2.0, 2.0, 2.0, 2.0, 2.0, 1.0, 1.0, 1.0, 0.0, 1.0], [2.0, 2.0, 2.0, 2.0, 3.0, 3.0, 3.0, 3.0, 1.0, 1.0, 3.0, 3.0, 3.0, 1.0, 1.0, 1.0, 4.0, 3.0, 1.0, 1.0, 1.0, 3.0, 1.0, 1.0, 2.0, 2.0, 1.0, 1.0, 1.0, 1.0, 1.0, 1.0, 1.0, 0.0]], "euclideanDistance": [[0.0, 323.9106379186669, 357.18687613761637, 359.45948546586146, 372.7786545184686, 121.93450650958503, 491.6919546139574, 315.2269810711004, 326.1027536047974, 179.2661725283054, 257.8609059963573, 467.4879690940232, 117.99619817294128, 142.87569879508726, 407.56149104939277, 142.16574040908498, 128.58701423913072, 131.9753982621055, 352.89204892439756, 268.66439471087824, 177.67105058482684, 263.3242768360759, 290.84853237453524, 53.773804523501276, 500.93752059016094, 271.6184052996832, 474.86475435102176, 344.64450974211866, 462.7708465539802, 320.83010219712406, 367.01106381142574, 391.75853298516756, 342.6396303741757, 197.69719595725186], [323.9106379186669, 0.0, 52.39686158196537, 417.3030990489355, 253.5931399094692, 201.9866437773616, 223.07383961031155, 360.3267933505428, 41.39967370581263, 151.15697572597864, 128.17545369451958, 290.8031275829512, 216.40315816623269, 300.03206558794693, 395.9533401406911, 260.9027344928323, 268.1857695543843, 195.03437396254824, 279.1869445526915, 55.25435115801392, 146.49187265176323, 308.24672537257567, 155.38941928730702, 316.87919620983297, 262.94631507632084, 382.8985828756092, 196.01674422205954, 410.1428623780473, 308.6593669669204, 368.5088397193446, 315.8487992418063, 424.42703356946953, 64.11210054893435, 126.50484743950273], [357.18687613761637, 52.39686158196537, 0.0, 402.04475522140154, 220.85695318655337, 236.7958488347667, 170.69014581387134, 347.1676880239174, 89.4398829008605, 178.64081352668805, 180.40621082602817, 245.30198140698187, 256.93927882641117, 313.2492119218451, 370.70310254507484, 275.40709087741374, 284.80428492879776, 233.60193921714148, 252.5942057207382, 95.51328704187671, 183.69897108053314, 300.6183691794109, 138.86649238507067, 343.3886577587115, 211.37199423207127, 378.9047293226107, 143.82882313795523, 396.59557015074904, 265.63759175863254, 355.08910772984564, 289.76616283338575, 404.66283963894824, 106.72087751096348, 164.57889862503245], [359.45948546586146, 417.3030990489355, 402.04475522140154, 0.0, 209.03189404742966, 349.8238327899652, 403.01898813177587, 58.24586214394841, 452.1130998539867, 325.7466898716044, 467.16154521022196, 282.61447997478643, 387.3565414091006, 218.602827260344, 86.13365117109376, 235.77671932965748, 244.47251899289128, 371.2566318530849, 163.87877944558915, 388.63506558465764, 363.7521183622451, 117.94452404356817, 263.9928605946107, 305.7542188021268, 367.6793801163829, 91.09018982611106, 409.15476292434244, 15.18127658721163, 255.9282611537536, 49.990883637023636, 133.23826475788897, 37.91238117509888, 477.33976784640555, 369.26943032267087], [372.7786545184686, 253.5931399094692, 220.85695318655337, 209.03189404742966, 0.0, 294.73157089694854, 194.63856512215347, 168.20222377151117, 294.3102463190698, 239.0732405620366, 347.55569817483473, 99.17265447784712, 333.15867658622966, 251.63631136404115, 155.35474473723363, 233.91212637688776, 248.1386044191986, 308.58195729778885, 45.85348486589047, 248.53749560822936, 274.34931321747433, 155.70503318252872, 112.01706104911567, 330.65072055114103, 166.0341128276041, 228.3653218603066, 200.18022165949048, 209.39513203879005, 90.01081037275564, 173.83402596055308, 77.58675190953153, 199.22878125297254, 317.6972013237661, 268.05150930570437], [121.93450650958503, 201.9866437773616, 236.7958488347667, 349.8238327899652, 294.73157089694854, 0.0, 381.1984240114964, 294.8783189938618, 205.49361383586808, 64.0050178899493, 150.92425339152598, 379.75385086729113, 39.80403897872047, 149.40890302863636, 372.6911849818736, 117.82575758705389, 114.10566466566286, 22.322281428943587, 288.16427806844547, 146.7504667506453, 55.86232739249149, 234.4543050908199, 193.81924889647505, 122.91459100798517, 398.08653521039696, 277.92615780756313, 361.7035965325428, 337.0574060802704, 381.52064256181484, 302.38893405681085, 312.52341271253516, 373.93609081406885, 223.54340532090973, 75.85082405874905], [491.6919546139574, 223.07383961031155, 170.69014581387134, 403.01898813177587, 194.63856512215347, 381.1984240114964, 0.0, 362.312032073296, 257.5564142356368, 317.3624735339493, 351.0209168283351, 141.30598412477156, 409.735123910177, 406.4290546918679, 339.6862651973902, 376.165864481322, 389.1022401446577, 384.37124040495837, 240.4608135401378, 259.5398990870747, 335.9071997371277, 340.5097439060715, 206.70841485318735, 464.1938722012705, 58.76702270489132, 418.3912746792021, 29.555152923523135, 403.94827234393466, 172.06450371310194, 368.2293942900744, 269.978461638175, 389.63682520334106, 269.73270574064463, 319.55318805011245], [315.2269810711004, 360.3267933505428, 347.1676880239174, 58.24586214394841, 168.20222377151117, 294.8783189938618, 362.312032073296, 0.0, 394.54479918448686, 268.1315181856039, 409.0982087198058, 253.92044518710125, 333.1359068026105, 172.39482243650232, 96.09768336253057, 183.90643653485193, 193.9945180391648, 315.9240867350492, 122.49112057005037, 330.59102974651927, 306.3649475203668, 60.79268693602138, 208.4467399006352, 262.2717841938573, 332.90949743476824, 70.551881309485, 365.40367016994134, 49.81809104485505, 230.9952258758085, 8.27892257610379, 101.01290390103988, 79.35675347385371, 419.777537601381, 311.404895300318], [326.1027536047974, 41.39967370581263, 89.4398829008605, 452.1130998539867, 294.3102463190698, 205.49361383586808, 257.5564142356368, 394.54479918448686, 0.0, 164.69008227700007, 100.50147793640974, 331.82697953949076, 212.31367265319994, 320.04275946316, 434.4912341488243, 280.7367897190434, 286.31585788634413, 194.30818357719815, 318.5261988637044, 69.20296906294621, 150.05443367677458, 340.3776195254035, 193.23671611381326, 325.8805924764587, 300.645530503474, 412.5432864273295, 229.40027389384937, 444.2500868203574, 349.9952256821775, 402.78863595790773, 354.8964820075085, 461.0054694635308, 25.232769646387847, 130.57444290812234], [179.2661725283054, 151.15697572597864, 178.64081352668805, 325.7466898716044, 239.0732405620366, 64.0050178899493, 317.3624735339493, 268.1315181856039, 164.69008227700007, 0.0, 143.30276158839817, 319.33280319949654, 97.16414192607527, 157.2953678950615, 334.91507496247084, 118.46979386187152, 122.4355289552556, 71.46010082670824, 238.79740974875244, 97.6437902968911, 38.9006105358345, 207.8045697816642, 132.89598450510988, 166.0861261637477, 334.31509949477913, 266.61424908491716, 298.31594792858425, 314.6584048600901, 323.2041140952511, 276.19348290180614, 267.23387298679285, 344.650988030363, 186.70474666589934, 44.62618646728913], [257.8609059963573, 128.17545369451958, 180.40621082602817, 467.16154521022196, 347.55569817483473, 150.92425339152598, 351.0209168283351, 409.0982087198058, 100.50147793640974, 143.30276158839817, 0.0, 404.82910724375984, 140.04133463682015, 293.66798617894165, 467.8995184852158, 256.9758411375036, 257.57016940642626, 131.94764234529467, 360.53202130257296, 101.44757917574293, 108.99049487827527, 349.5453673995351, 236.17185397372305, 272.08995821182003, 388.36017686025946, 409.8395777210464, 324.17959537794303, 456.6621248956219, 417.85941639689895, 417.2797142079606, 393.71753749479393, 483.6204383310289, 103.1670949586915, 98.73538615641807], [467.4879690940232, 290.8031275829512, 245.30198140698187, 282.61447997478643, 99.17265447784712, 379.75385086729113, 141.30598412477156, 253.92044518710125, 331.82697953949076, 319.33280319949654, 404.82910724375984, 0.0, 416.2102769987098, 350.51818112777516, 208.42602197732666, 331.16131340684746, 345.36830722633545, 390.70302619913485, 136.85571379324378, 303.44819954311987, 350.4477742547973, 252.32413466382243, 186.4496777557166, 427.57308998724125, 90.68533113225867, 319.88643913249615, 160.38171604303025, 286.9222917897418, 31.08710306661995, 257.9079224325499, 153.17813536018076, 262.2494331055454, 351.57126309109435, 340.22894321748004], [117.99619817294128, 216.40315816623269, 256.93927882641117, 387.3565414091006, 333.15867658622966, 39.80403897872047, 409.735123910177, 333.1359068026105, 212.31367265319994, 97.16414192607527, 140.04133463682015, 416.2102769987098, 0.0, 180.75891424918765, 412.20358060508556, 152.92994018996407, 147.124247823979, 25.844152046598033, 327.6953793650526, 162.61464008830188, 74.24512733825208, 273.00171809566075, 229.78862039759036, 135.77997654223842, 430.1668070691763, 312.781602790107, 388.6483253193639, 374.28879048027926, 419.10818943719306, 340.5187910323731, 352.31006038648565, 412.36649287188044, 226.86821560688514, 92.46836424693092], [142.87569879508726, 300.03206558794693, 313.2492119218451, 218.602827260344, 251.63631136404115, 149.40890302863636, 406.4290546918679, 172.39482243650232, 320.04275946316, 157.2953678950615, 293.66798617894165, 350.51818112777516, 180.75891424918765, 0.0, 265.03109654377954, 39.32013677901697, 36.11299439007861, 171.6487163157167, 222.81558013529772, 251.1513955200472, 185.21421580386038, 121.75275514185091, 200.88804650126949, 90.44591462731483, 401.4023104101112, 135.08831138363476, 396.6016743864452, 204.1530820233951, 339.96753381384923, 178.13464762476693, 230.60511080116987, 249.5654011852209, 343.04610041740153, 199.318721460641], [407.56149104939277, 395.9533401406911, 370.70310254507484, 86.13365117109376, 155.35474473723363, 372.6911849818736, 339.6862651973902, 96.09768336253057, 434.4912341488243, 334.91507496247084, 467.8995184852158, 208.42602197732666, 412.20358060508556, 265.03109654377954, 0.0, 270.63825708744787, 282.30862234707365, 392.19303612687844, 118.11292677944773, 378.01352023307635, 373.7970591931568, 144.70808122925075, 241.29525578714745, 355.46498387125, 297.50956604144704, 161.73684254308918, 350.4167673532952, 96.7331375174405, 179.28920464769166, 93.08065607679447, 80.94065522837832, 55.80323601702805, 459.18418218198025, 374.7366902632942], [142.16574040908498, 260.9027344928323, 275.40709087741374, 235.77671932965748, 233.91212637688776, 117.82575758705389, 376.165864481322, 183.90643653485193, 280.7367897190434, 118.46979386187152, 256.9758411375036, 331.16131340684746, 152.92994018996407, 39.32013677901697, 270.63825708744787, 0.0, 14.227887839174967, 140.08093754779458, 211.10296617896452, 211.8313523337278, 148.05596927515097, 126.32462796144131, 169.4823239289295, 96.76377704180216, 375.25414415930777, 160.17964298509094, 364.6230365154577, 222.25310140618254, 323.7123754113773, 190.7496243109603, 225.02446188068944, 263.1177433538312, 303.796671371107, 161.20103728437883], [128.58701423913072, 268.1857695543843, 284.80428492879776, 244.47251899289128, 248.1386044191986, 114.10566466566286, 389.1022401446577, 193.9945180391648, 286.31585788634413, 122.4355289552556, 257.57016940642626, 345.36830722633545, 147.124247823979, 36.11299439007861, 282.30862234707365, 14.227887839174967, 0.0, 136.4172011436046, 225.08132002252242, 217.84332677164986, 149.2222184197162, 137.66577658042698, 182.39949116967034, 82.55033702251978, 388.94544207042395, 165.8769296086368, 377.09986900089143, 230.62834094266412, 337.9310052630211, 200.58195782938236, 238.43019248556772, 272.90748985799337, 308.89435266361335, 163.68399100173312], [131.9753982621055, 195.03437396254824, 233.60193921714148, 371.2566318530849, 308.58195729778885, 22.322281428943587, 384.37124040495837, 315.9240867350492, 194.30818357719815, 71.46010082670824, 131.94764234529467, 390.70302619913485, 25.844152046598033, 171.6487163157167, 392.19303612687844, 140.08093754779458, 136.4172011436046, 0.0, 304.5135825459877, 140.41702876424122, 49.95231034840493, 255.33635935089504, 204.25452369841824, 140.18699658553297, 404.3651365388914, 300.1179796518184, 363.58920954088126, 358.63095566314394, 393.9930127764645, 323.5151555056198, 330.1613442717662, 394.80768302854773, 210.69388089008956, 69.17797661609171], [352.89204892439756, 279.1869445526915, 252.5942057207382, 163.87877944558915, 45.85348486589047, 288.16427806844547, 240.4608135401378, 122.49112057005037, 318.5261988637044, 238.79740974875244, 360.53202130257296, 136.85571379324378, 327.6953793650526, 222.81558013529772, 118.11292677944773, 211.10296617896452, 225.08132002252242, 304.5135825459877, 0.0, 265.694631633873, 276.42887261435556, 115.79760501705009, 126.68434313121745, 307.09957468971174, 210.80737752239617, 184.3655966208261, 245.37379784128353, 163.7396958258086, 119.83068069210992, 128.01193367038007, 37.17262267782133, 156.64077568405452, 342.8895051385288, 273.39072993940783], [268.66439471087824, 55.25435115801392, 95.51328704187671, 388.63506558465764, 248.53749560822936, 146.7504667506453, 259.5398990870747, 330.59102974651927, 69.20296906294621, 97.6437902968911, 101.44757917574293, 303.44819954311987, 162.61464008830188, 251.1513955200472, 378.01352023307635, 211.8313523337278, 217.84332677164986, 140.41702876424122, 265.694631633873, 0.0, 91.39205094365566, 274.5765444941946, 139.18829942679454, 262.3852129069763, 291.3797778236651, 344.7979279409868, 235.01230780511108, 379.9567189441759, 316.50475691398253, 338.8683632612314, 300.6084698397338, 400.1320854680379, 93.27316425068547, 71.48097543440078], [177.67105058482684, 146.49187265176323, 183.69897108053314, 363.7521183622451, 274.34931321747433, 55.86232739249149, 335.9071997371277, 306.3649475203668, 150.05443367677458, 38.9006105358345, 108.99049487827527, 350.4477742547973, 74.24512733825208, 185.21421580386038, 373.7970591931568, 148.05596927515097, 149.2222184197162, 49.95231034840493, 276.42887261435556, 91.39205094365566, 0.0, 245.8391129798469, 165.1861211603404, 176.27381799924677, 358.2230219356528, 301.9197989065931, 314.4923894461521, 352.3959943491186, 356.3152475388983, 314.37704514636215, 305.5779302387884, 383.2600921880196, 168.98051664243806, 20.0293478988171], [263.3242768360759, 308.24672537257567, 300.6183691794109, 117.94452404356817, 155.70503318252872, 234.4543050908199, 340.5097439060715, 60.79268693602138, 340.3776195254035, 207.8045697816642, 349.5453673995351, 252.32413466382243, 273.00171809566075, 121.75275514185091, 144.70808122925075, 126.32462796144131, 137.66577658042698, 255.33635935089504, 115.79760501705009, 274.5765444941946, 245.8391129798469, 0.0, 162.69492191295464, 211.9687909521426, 320.2675604547359, 80.29149173940081, 338.9135674899081, 107.1196681932137, 235.32797697352106, 68.64858576007863, 113.14025788353666, 139.48872639505072, 365.5466046957909, 251.42233145076096], [290.84853237453524, 155.38941928730702, 138.86649238507067, 263.9928605946107, 112.01706104911567, 193.81924889647505, 206.70841485318735, 208.4467399006352, 193.23671611381326, 132.89598450510988, 236.17185397372305, 186.4496777557166, 229.78862039759036, 200.88804650126949, 241.29525578714745, 169.4823239289295, 182.39949116967034, 204.25452369841824, 126.68434313121745, 139.18829942679454, 165.1861211603404, 162.69492191295464, 0.0, 258.8518595227336, 210.14204214587693, 242.12754047037222, 195.72463662656745, 258.0204665524771, 191.12926519118122, 216.4267702949327, 162.24846279962406, 269.2479715776983, 218.0338196598505, 157.08053536664488], [53.773804523501276, 316.87919620983297, 343.3886577587115, 305.7542188021268, 330.65072055114103, 122.91459100798517, 464.1938722012705, 262.2717841938573, 325.8805924764587, 166.0861261637477, 272.08995821182003, 427.57308998724125, 135.77997654223842, 90.44591462731483, 355.46498387125, 96.76377704180216, 82.55033702251978, 140.18699658553297, 307.09957468971174, 262.3852129069763, 176.27381799924677, 211.9687909521426, 258.8518595227336, 0.0, 468.04139418452905, 217.87602333189275, 449.8740991477308, 290.9146607248753, 420.475306785174, 267.68795420234517, 318.5375980307605, 338.29271898077326, 345.2543316853908, 195.3662843679767], [500.93752059016094, 262.94631507632084, 211.37199423207127, 367.6793801163829, 166.0341128276041, 398.08653521039696, 58.76702270489132, 332.90949743476824, 300.645530503474, 334.31509949477913, 388.36017686025946, 90.68533113225867, 430.1668070691763, 401.4023104101112, 297.50956604144704, 375.25414415930777, 388.94544207042395, 404.3651365388914, 210.80737752239617, 291.3797778236651, 358.2230219356528, 320.2675604547359, 210.14204214587693, 468.04139418452905, 0.0, 394.39459740754955, 85.5670333869355, 370.4684860109467, 121.64779921306423, 337.9297890240107, 235.0669398557458, 350.1415584963656, 315.6776161991553, 343.90916912722264], [271.6184052996832, 382.8985828756092, 378.9047293226107, 91.09018982611106, 228.3653218603066, 277.92615780756313, 418.3912746792021, 70.551881309485, 412.5432864273295, 266.61424908491716, 409.8395777210464, 319.88643913249615, 312.781602790107, 135.08831138363476, 161.73684254308918, 160.17964298509094, 165.8769296086368, 300.1179796518184, 184.3655966208261, 344.7979279409868, 301.9197989065931, 80.29149173940081, 242.12754047037222, 217.87602333189275, 394.39459740754955, 0.0, 418.08484714713325, 75.91140516617199, 298.75202867154405, 70.3814699639319, 168.996470124021, 127.4048870747669, 437.44247882049365, 311.2403702434294], [474.86475435102176, 196.01674422205954, 143.82882313795523, 409.15476292434244, 200.18022165949048, 361.7035965325428, 29.555152923523135, 365.40367016994134, 229.40027389384937, 298.31594792858425, 324.17959537794303, 160.38171604303025, 388.6483253193639, 396.6016743864452, 350.4167673532952, 364.6230365154577, 377.09986900089143, 363.58920954088126, 245.37379784128353, 235.01230780511108, 314.4923894461521, 338.9135674899081, 195.72463662656745, 449.8740991477308, 85.5670333869355, 418.08484714713325, 0.0, 408.999969520036, 190.21724236328674, 371.76516495027295, 277.2365490072809, 398.34218776612335, 240.8857159045108, 297.44101089879257], [344.64450974211866, 410.1428623780473, 396.59557015074904, 15.18127658721163, 209.39513203879005, 337.0574060802704, 403.94827234393466, 49.81809104485505, 444.2500868203574, 314.6584048600901, 456.6621248956219, 