{"name": "path-10_random", "nodes": [{"index": 0, "id": "0", "x": 440.00000000000006, "y": 10.0}, {"index": 1, "id": "1", "x": 156.80493786842737, "y": 113.56107545909052}, {"index": 2, "id": "2", "x": 169.93248781411825, "y": 83.93675276741692}, {"index": 3, "id": "3", "x": 420.1199586578403, "y": 426.23690041707994}, {"index": 4, "id": "4", "x": 273.558005225112, "y": 144.19901897776248}, {"index": 5, "id": "5", "x": 156.61019093077533, "y": 439.9999999999999}, {"index": 6, "id": "6", "x": 208.49743315634066, "y": 343.97397475662603}, {"index": 7, "id": "7", "x": 200.83512329530686, "y": 398.0581498687716}, {"index": 8, "id": "8", "x": 10.0, "y": 30.515765409663246}, {"index": 9, "id": "9", "x": 268.40641441960474, "y": 38.41094964465738}], "edges": [{"source": "0", "target": "1"}, {"source": "1", "target": "2"}, {"source": "2", "target": "3"}, {"source": "3", "target": "4"}, {"source": "4", "target": "5"}, {"source": "5", "target": "6"}, {"source": "6", "target": "7"}, {"source": "7", "target": "8"}, {"source": "8", "target": "9"}], "weight": [[1.0, 1.0, 0.25, 0.1111111119389534, 0.0625, 0.03999999910593033, 0.02777777798473835, 0.020408162847161293, 0.015625, 0.012345679104328156], [1.0, 1.0, 1.0, 0.25, 0.1111111119389534, 0.0625, 0.03999999910593033, 0.02777777798473835, 0.020408162847161293, 0.015625], [0.25, 1.0, 1.0, 1.0, 0.25, 0.1111111119389534, 0.0625, 0.03999999910593033, 0.02777777798473835, 0.020408162847161293], [0.1111111119389534, 0.25, 1.0, 1.0, 1.0, 0.25, 0.1111111119389534, 0.0625, 0.03999999910593033, 0.02777777798473835], [0.0625, 0.1111111119389534, 0.25, 1.0, 1.0, 1.0, 0.25, 0.1111111119389534, 0.0625, 0.03999999910593033], [0.03999999910593033, 0.0625, 0.1111111119389534, 0.25, 1.0, 1.0, 1.0, 0.25, 0.1111111119389534, 0.0625], [0.02777777798473835, 0.03999999910593033, 0.0625, 0.1111111119389534, 0.25, 1.0, 1.0, 1.0, 0.25, 0.1111111119389534], [0.020408162847161293, 0.02777777798473835, 0.03999999910593033, 0.0625, 0.1111111119389534, 0.25, 1.0, 1.0, 1.0, 0.25], [0.015625, 0.020408162847161293, 0.02777777798473835, 0.03999999910593033, 0.0625, 0.1111111119389534, 0.25, 1.0, 1.0, 1.0], [0.012345679104328156, 0.015625, 0.020408162847161293, 0.02777777798473835, 0.03999999910593033, 0.0625, 0.1111111119389534, 0.25, 1.0, 1.0]], "shortestPath": [[0.0, 1.0, 2.0, 3.0, 4.0, 5.0, 6.0, 7.0, 8.0, 9.0], [1.0, 0.0, 1.0, 2.0, 3.0, 4.0, 5.0, 6.0, 7.0, 8.0], [2.0, 1.0, 0.0, 1.0, 2.0, 3.0, 4.0, 5.0, 6.0, 7.0], [3.0, 2.0, 1.0, 0.0, 1.0, 2.0, 3.0, 4.0, 5.0, 6.0], [4.0, 3.0, 2.0, 1.0, 0.0, 1.0, 2.0, 3.0, 4.0, 5.0], [5.0, 4.0, 3.0, 2.0, 1.0, 0.0, 1.0, 2.0, 3.0, 4.0], [6.0, 5.0, 4.0, 3.0, 2.0, 1.0, 0.0, 1.0, 2.0, 3.0], [7.0, 6.0, 5.0, 4.0, 3.0, 2.0, 1.0, 0.0, 1.0, 2.0], [8.0, 7.0, 6.0, 5.0, 4.0, 3.0, 2.0, 1.0, 0.0, 1.0], [9.0, 8.0, 7.0, 6.0, 5.0, 4.0, 3.0, 2.0, 1.0, 0.0]], "euclideanDistance": [[0.0, 181.9255724912876, 165.01982055947022, 340.64194289448676, 144.92278527121616, 386.8572966310275, 303.2217666282281, 345.3035159509136, 245.03941903871714, 100.28419821539657], [181.9255724912876, 0.0, 25.35408839809948, 296.339867852777, 70.9496216119766, 267.00558015545016, 190.74018571323137, 234.04239362064328, 107.60924019304825, 88.33981686344883], [165.01982055947022, 25.35408839809948, 0.0, 314.0375395065427, 76.81366369701628, 291.3347733186558, 213.82039160528055, 257.53060364457247, 100.87914121616244, 67.23741301844517], [340.64194289448676, 296.339867852777, 314.0375395065427, 0.0, 245.2752974020656, 150.2332833044762, 137.84889441155624, 126.78076931450204, 398.91007723759765, 328.7332217002825], [144.92278527121616, 70.9496216119766, 76.81366369701628, 245.2752974020656, 0.0, 250.91493294713584, 167.53686199613927, 211.7162345955854, 176.34573512319236, 86.57723140593131], [386.8572966310275, 267.00558015545016, 291.3347733186558, 150.2332833044762, 250.91493294713584, 0.0, 83.89987615312292, 42.53281634442039, 345.146739078121, 334.5660945693138], [303.2217666282281, 190.74018571323137, 213.82039160528055, 137.84889441155624, 167.53686199613927, 83.89987615312292, 0.0, 44.451262225220354, 280.12502559999257, 252.24051877208024], [345.3035159509136, 234.04239362064328, 257.53060364457247, 126.78076931450204, 211.7162345955854, 42.53281634442039, 44.451262225220354, 0.0, 319.6038068129813, 296.6655145690157], [245.03941903871714, 107.60924019304825, 100.87914121616244, 398.91007723759765, 176.34573512319236, 345.146739078121, 280.12502559999257, 319.6038068129813, 0.0, 147.05142074964428], [100.28419821539657, 88.33981686344883, 67.23741301844517, 328.7332217002825, 86.57723140593131, 334.5660945693138, 252.24051877208024, 296.6655145690157, 147.05142074964428, 0.0]]}