{"name": "path-10_random", "nodes": [{"index": 0, "id": "0", "x": 440.0, "y": 152.41396428476133}, {"index": 1, "id": "1", "x": 348.64820812240674, "y": 10.0}, {"index": 2, "id": "2", "x": 262.662403605112, "y": 82.93341192977829}, {"index": 3, "id": "3", "x": 23.158623334502067, "y": 203.1171128144292}, {"index": 4, "id": "4", "x": 256.5715339540811, "y": 57.1265830121491}, {"index": 5, "id": "5", "x": 260.24948183247824, "y": 218.1618137434102}, {"index": 6, "id": "6", "x": 15.21172980996326, "y": 115.39400661142119}, {"index": 7, "id": "7", "x": 189.20225896347478, "y": 78.27174885525059}, {"index": 8, "id": "8", "x": 405.48700614183457, "y": 241.29745297975543}, {"index": 9, "id": "9", "x": 10.0, "y": 440.0}], "edges": [{"source": "0", "target": "1"}, {"source": "1", "target": "2"}, {"source": "2", "target": "3"}, {"source": "3", "target": "4"}, {"source": "4", "target": "5"}, {"source": "5", "target": "6"}, {"source": "6", "target": "7"}, {"source": "7", "target": "8"}, {"source": "8", "target": "9"}], "weight": [[1.0, 1.0, 0.25, 0.1111111119389534, 0.0625, 0.03999999910593033, 0.02777777798473835, 0.020408162847161293, 0.015625, 0.012345679104328156], [1.0, 1.0, 1.0, 0.25, 0.1111111119389534, 0.0625, 0.03999999910593033, 0.02777777798473835, 0.020408162847161293, 0.015625], [0.25, 1.0, 1.0, 1.0, 0.25, 0.1111111119389534, 0.0625, 0.03999999910593033, 0.02777777798473835, 0.020408162847161293], [0.1111111119389534, 0.25, 1.0, 1.0, 1.0, 0.25, 0.1111111119389534, 0.0625, 0.03999999910593033, 0.02777777798473835], [0.0625, 0.1111111119389534, 0.25, 1.0, 1.0, 1.0, 0.25, 0.1111111119389534, 0.0625, 0.03999999910593033], [0.03999999910593033, 0.0625, 0.1111111119389534, 0.25, 1.0, 1.0, 1.0, 0.25, 0.1111111119389534, 0.0625], [0.02777777798473835, 0.03999999910593033, 0.0625, 0.1111111119389534, 0.25, 1.0, 1.0, 1.0, 0.25, 0.1111111119389534], [0.020408162847161293, 0.02777777798473835, 0.03999999910593033, 0.0625, 0.1111111119389534, 0.25, 1.0, 1.0, 1.0, 0.25], [0.015625, 0.020408162847161293, 0.02777777798473835, 0.03999999910593033, 0.0625, 0.1111111119389534, 0.25, 1.0, 1.0, 1.0], [0.012345679104328156, 0.015625, 0.020408162847161293, 0.02777777798473835, 0.03999999910593033, 0.0625, 0.1111111119389534, 0.25, 1.0, 1.0]], "shortestPath": [[0.0, 1.0, 2.0, 3.0, 4.0, 5.0, 6.0, 7.0, 8.0, 9.0], [1.0, 0.0, 1.0, 2.0, 3.0, 4.0, 5.0, 6.0, 7.0, 8.0], [2.0, 1.0, 0.0, 1.0, 2.0, 3.0, 4.0, 5.0, 6.0, 7.0], [3.0, 2.0, 1.0, 0.0, 1.0, 2.0, 3.0, 4.0, 5.0, 6.0], [4.0, 3.0, 2.0, 1.0, 0.0, 1.0, 2.0, 3.0, 4.0, 5.0], [5.0, 4.0, 3.0, 2.0, 1.0, 0.0, 1.0, 2.0, 3.0, 4.0], [6.0, 5.0, 4.0, 3.0, 2.0, 1.0, 0.0, 1.0, 2.0, 3.0], [7.0, 6.0, 5.0, 4.0, 3.0, 2.0, 1.0, 0.0, 1.0, 2.0], [8.0, 7.0, 6.0, 5.0, 4.0, 3.0, 2.0, 1.0, 0.0, 1.0], [9.0, 8.0, 7.0, 6.0, 5.0, 4.0, 3.0, 2.0, 1.0, 0.0]], "euclideanDistance": [[0.0, 121.65260952667525, 131.95475277057065, 288.6029185034714, 143.96491317719656, 132.46827530880358, 292.91928425689264, 180.54825069564183, 69.23744464218231, 362.5937776205355], [121.65260952667525, 0.0, 79.59375810654254, 264.43166296644097, 72.01822225987031, 164.00330956681225, 241.58717713259188, 120.34196156385373, 173.7321964220573, 391.3033865487699], [131.95475277057065, 79.59375810654254, 0.0, 186.49449306219213, 19.346065897787664, 98.99079715328602, 171.55495564890603, 50.553656467513264, 151.8285486380795, 313.6828733432301], [288.6029185034714, 264.43166296644097, 186.49449306219213, 0.0, 192.61911124006613, 163.16068137406748, 64.43809052095962, 146.10756147008942, 263.99327939512443, 173.6155470674379], [143.96491317719656, 72.01822225987031, 19.346065897787664, 192.61911124006613, 0.0, 117.89262338497899, 171.11936737373188, 48.776795785671275, 169.18978166517255, 327.40363427363184], [132.46827530880358, 164.00330956681225, 98.99079715328602, 163.16068137406748, 117.89262338497899, 0.0, 184.2937643978691, 113.41578182754286, 101.14887737583648, 236.40414338155588], [292.91928425689264, 241.58717713259188, 171.55495564890603, 64.43809052095962, 171.11936737373188, 184.2937643978691, 0.0, 122.51431549388667, 283.3689594077675, 237.6139110105036], [180.54825069564183, 120.34196156385373, 50.553656467513264, 146.10756147008942, 48.776795785671275, 113.41578182754286, 122.51431549388667, 0.0, 190.50194948301765, 291.95188994175226], [69.23744464218231, 173.7321964220573, 151.8285486380795, 263.99327939512443, 169.18978166517255, 101.14887737583648, 283.3689594077675, 190.50194948301765, 0.0, 308.0389763910453], [362.5937776205355, 391.3033865487699, 313.6828733432301, 173.6155470674379, 327.40363427363184, 236.40414338155588, 237.6139110105036, 291.95188994175226, 308.0389763910453, 0.0]]}