{"name": "path-10_random", "nodes": [{"index": 0, "id": "0", "x": 440.00000000000006, "y": 201.40905692913262}, {"index": 1, "id": "1", "x": 248.8950753607358, "y": 111.58944340321608}, {"index": 2, "id": "2", "x": 10.0, "y": 18.509976341590786}, {"index": 3, "id": "3", "x": 439.597319063213, "y": 214.85250051086783}, {"index": 4, "id": "4", "x": 388.85453349886444, "y": 10.0}, {"index": 5, "id": "5", "x": 320.1537550338525, "y": 73.41282921237595}, {"index": 6, "id": "6", "x": 67.4429522207613, "y": 440.00000000000006}, {"index": 7, "id": "7", "x": 412.1556377869154, "y": 368.67083951970824}, {"index": 8, "id": "8", "x": 171.37138106198205, "y": 326.7374794917764}, {"index": 9, "id": "9", "x": 263.205241266466, "y": 298.1917990196942}], "edges": [{"source": "0", "target": "1"}, {"source": "1", "target": "2"}, {"source": "2", "target": "3"}, {"source": "3", "target": "4"}, {"source": "4", "target": "5"}, {"source": "5", "target": "6"}, {"source": "6", "target": "7"}, {"source": "7", "target": "8"}, {"source": "8", "target": "9"}], "weight": [[1.0, 1.0, 0.25, 0.1111111119389534, 0.0625, 0.03999999910593033, 0.02777777798473835, 0.020408162847161293, 0.015625, 0.012345679104328156], [1.0, 1.0, 1.0, 0.25, 0.1111111119389534, 0.0625, 0.03999999910593033, 0.02777777798473835, 0.020408162847161293, 0.015625], [0.25, 1.0, 1.0, 1.0, 0.25, 0.1111111119389534, 0.0625, 0.03999999910593033, 0.02777777798473835, 0.020408162847161293], [0.1111111119389534, 0.25, 1.0, 1.0, 1.0, 0.25, 0.1111111119389534, 0.0625, 0.03999999910593033, 0.02777777798473835], [0.0625, 0.1111111119389534, 0.25, 1.0, 1.0, 1.0, 0.25, 0.1111111119389534, 0.0625, 0.03999999910593033], [0.03999999910593033, 0.0625, 0.1111111119389534, 0.25, 1.0, 1.0, 1.0, 0.25, 0.1111111119389534, 0.0625], [0.02777777798473835, 0.03999999910593033, 0.0625, 0.1111111119389534, 0.25, 1.0, 1.0, 1.0, 0.25, 0.1111111119389534], [0.020408162847161293, 0.02777777798473835, 0.03999999910593033, 0.0625, 0.1111111119389534, 0.25, 1.0, 1.0, 1.0, 0.25], [0.015625, 0.020408162847161293, 0.02777777798473835, 0.03999999910593033, 0.0625, 0.1111111119389534, 0.25, 1.0, 1.0, 1.0], [0.012345679104328156, 0.015625, 0.020408162847161293, 0.02777777798473835, 0.03999999910593033, 0.0625, 0.1111111119389534, 0.25, 1.0, 1.0]], "shortestPath": [[0.0, 1.0, 2.0, 3.0, 4.0, 5.0, 6.0, 7.0, 8.0, 9.0], [1.0, 0.0, 1.0, 2.0, 3.0, 4.0, 5.0, 6.0, 7.0, 8.0], [2.0, 1.0, 0.0, 1.0, 2.0, 3.0, 4.0, 5.0, 6.0, 7.0], [3.0, 2.0, 1.0, 0.0, 1.0, 2.0, 3.0, 4.0, 5.0, 6.0], [4.0, 3.0, 2.0, 1.0, 0.0, 1.0, 2.0, 3.0, 4.0, 5.0], [5.0, 4.0, 3.0, 2.0, 1.0, 0.0, 1.0, 2.0, 3.0, 4.0], [6.0, 5.0, 4.0, 3.0, 2.0, 1.0, 0.0, 1.0, 2.0, 3.0], [7.0, 6.0, 5.0, 4.0, 3.0, 2.0, 1.0, 0.0, 1.0, 2.0], [8.0, 7.0, 6.0, 5.0, 4.0, 3.0, 2.0, 1.0, 0.0, 1.0], [9.0, 8.0, 7.0, 6.0, 5.0, 4.0, 3.0, 2.0, 1.0, 0.0]], "euclideanDistance": [[0.0, 120.29178969933591, 262.0788910664116, 10.576896019230485, 152.80433348499102, 117.74963405907408, 266.9190396332044, 132.3342094619863, 168.66192891457274, 117.93129420889474], [120.29178969933591, 0.0, 142.02890346030975, 126.63476112485309, 107.09686149784184, 47.11313676924822, 274.37518288330244, 218.66106172959786, 173.78708028052944, 146.96641058076085], [262.0788910664116, 142.02890346030975, 0.0, 267.8623074016607, 193.11798121893486, 163.79936505116262, 332.8421803277083, 343.2814777859981, 256.016256504085, 255.0304907968561], [10.576896019230485, 126.63476112485309, 267.8623074016607, 0.0, 163.2017138101831, 126.8119037676457, 259.442404065572, 121.80178796635245, 162.53459190631375, 111.23193573159124], [152.80433348499102, 107.09686149784184, 193.11798121893486, 163.2017138101831, 0.0, 60.93528076426119, 375.794599367609, 282.38792126610787, 272.67610212510544, 235.5616140168881], [117.74963405907408, 47.11313676924822, 163.79936505116262, 126.8119037676457, 60.93528076426119, 0.0, 315.798346275945, 236.93826531051053, 213.19872926667819, 179.18032181726664], [266.9190396332044, 274.37518288330244, 332.8421803277083, 259.442404065572, 375.794599367609, 315.798346275945, 0.0, 184.35481964359118, 103.63895572236729, 149.62953789824425], [132.3342094619863, 218.66106172959786, 343.2814777859981, 121.80178796635245, 282.38792126610787, 236.93826531051053, 184.35481964359118, 0.0, 127.0217356769996, 93.97605993847314], [168.66192891457274, 173.78708028052944, 256.016256504085, 162.53459190631375, 272.67610212510544, 213.19872926667819, 103.63895572236729, 127.0217356769996, 0.0, 51.893161708689625], [117.93129420889474, 146.96641058076085, 255.0304907968561, 111.23193573159124, 235.5616140168881, 179.18032181726664, 149.62953789824425, 93.97605993847314, 51.893161708689625, 0.0]]}