{"name": "path-10_random", "nodes": [{"index": 0, "id": "0", "x": 440.00000000000006, "y": 10.0}, {"index": 1, "id": "1", "x": 54.159250409768376, "y": 350.6373358661319}, {"index": 2, "id": "2", "x": 104.00815280247382, "y": 345.38486871854064}, {"index": 3, "id": "3", "x": 315.90248437099416, "y": 214.42817313515516}, {"index": 4, "id": "4", "x": 166.75342963323345, "y": 434.16532690352915}, {"index": 5, "id": "5", "x": 10.0, "y": 208.7342507938262}, {"index": 6, "id": "6", "x": 152.84778820312508, "y": 203.71276932962115}, {"index": 7, "id": "7", "x": 312.1219307445932, "y": 439.99999999999994}, {"index": 8, "id": "8", "x": 114.61703778169536, "y": 299.8644459564287}, {"index": 9, "id": "9", "x": 426.08621251963706, "y": 76.95561951857653}], "edges": [{"source": "0", "target": "1"}, {"source": "1", "target": "2"}, {"source": "2", "target": "3"}, {"source": "3", "target": "4"}, {"source": "4", "target": "5"}, {"source": "5", "target": "6"}, {"source": "6", "target": "7"}, {"source": "7", "target": "8"}, {"source": "8", "target": "9"}], "weight": [[1.0, 1.0, 0.25, 0.1111111119389534, 0.0625, 0.03999999910593033, 0.02777777798473835, 0.020408162847161293, 0.015625, 0.012345679104328156], [1.0, 1.0, 1.0, 0.25, 0.1111111119389534, 0.0625, 0.03999999910593033, 0.02777777798473835, 0.020408162847161293, 0.015625], [0.25, 1.0, 1.0, 1.0, 0.25, 0.1111111119389534, 0.0625, 0.03999999910593033, 0.02777777798473835, 0.020408162847161293], [0.1111111119389534, 0.25, 1.0, 1.0, 1.0, 0.25, 0.1111111119389534, 0.0625, 0.03999999910593033, 0.02777777798473835], [0.0625, 0.1111111119389534, 0.25, 1.0, 1.0, 1.0, 0.25, 0.1111111119389534, 0.0625, 0.03999999910593033], [0.03999999910593033, 0.0625, 0.1111111119389534, 0.25, 1.0, 1.0, 1.0, 0.25, 0.1111111119389534, 0.0625], [0.02777777798473835, 0.03999999910593033, 0.0625, 0.1111111119389534, 0.25, 1.0, 1.0, 1.0, 0.25, 0.1111111119389534], [0.020408162847161293, 0.02777777798473835, 0.03999999910593033, 0.0625, 0.1111111119389534, 0.25, 1.0, 1.0, 1.0, 0.25], [0.015625, 0.020408162847161293, 0.02777777798473835, 0.03999999910593033, 0.0625, 0.1111111119389534, 0.25, 1.0, 1.0, 1.0], [0.012345679104328156, 0.015625, 0.020408162847161293, 0.02777777798473835, 0.03999999910593033, 0.0625, 0.1111111119389534, 0.25, 1.0, 1.0]], "shortestPath": [[0.0, 1.0, 2.0, 3.0, 4.0, 5.0, 6.0, 7.0, 8.0, 9.0], [1.0, 0.0, 1.0, 2.0, 3.0, 4.0, 5.0, 6.0, 7.0, 8.0], [2.0, 1.0, 0.0, 1.0, 2.0, 3.0, 4.0, 5.0, 6.0, 7.0], [3.0, 2.0, 1.0, 0.0, 1.0, 2.0, 3.0, 4.0, 5.0, 6.0], [4.0, 3.0, 2.0, 1.0, 0.0, 1.0, 2.0, 3.0, 4.0, 5.0], [5.0, 4.0, 3.0, 2.0, 1.0, 0.0, 1.0, 2.0, 3.0, 4.0], [6.0, 5.0, 4.0, 3.0, 2.0, 1.0, 0.0, 1.0, 2.0, 3.0], [7.0, 6.0, 5.0, 4.0, 3.0, 2.0, 1.0, 0.0, 1.0, 2.0], [8.0, 7.0, 6.0, 5.0, 4.0, 3.0, 2.0, 1.0, 0.0, 1.0], [9.0, 8.0, 7.0, 6.0, 5.0, 4.0, 3.0, 2.0, 1.0, 0.0]], "euclideanDistance": [[0.0, 447.4326179737996, 413.57296823430676, 209.99912167006798, 442.70062554426295, 408.03555087856137, 299.80505606812915, 396.44886495284976, 378.88321868457695, 60.5152445641267], [447.4326179737996, 0.0, 42.92329783352909, 254.4930266704461, 121.52176489545373, 131.30375626687265, 155.1997956167888, 234.5832697879459, 68.57434524559932, 400.2152647431601], [413.57296823430676, 42.92329783352909, 0.0, 215.3254367476921, 95.25693787149721, 145.3905492369797, 132.3184559147709, 196.88709478188912, 41.346775426246495, 364.1258386636027], [209.99912167006798, 254.4930266704461, 215.3254367476921, 0.0, 232.83948667586122, 261.8983213603903, 139.8959338666641, 199.91306386824945, 188.19795344493804, 154.06314058991214], [442.70062554426295, 121.52176489545373, 95.25693787149721, 232.83948667586122, 0.0, 240.64299612442485, 204.55846097487594, 124.54146856461097, 127.10123780454686, 386.6171609777314], [408.03555087856137, 131.30375626687265, 145.3905492369797, 261.8983213603903, 240.64299612442485, 0.0, 122.35733025613554, 329.96711925259433, 120.58424399554096, 374.82029951050447], [299.80505606812915, 155.1997956167888, 132.3184559147709, 139.8959338666641, 204.55846097487594, 122.35733025613554, 0.0, 249.85739683315455, 91.27176077111639, 259.4628612769904], [396.44886495284976, 234.5832697879459, 196.88709478188912, 199.91306386824945, 124.54146856461097, 329.96711925259433, 249.85739683315455, 0.0, 209.76768222310616, 336.17138694434925], [378.88321868457695, 68.57434524559932, 41.346775426246495, 188.19795344493804, 127.10123780454686, 120.58424399554096, 91.27176077111639, 209.76768222310616, 0.0, 331.8137699726746], [60.5152445641267, 400.2152647431601, 364.1258386636027, 154.06314058991214, 386.6171609777314, 374.82029951050447, 259.4628612769904, 336.17138694434925, 331.8137699726746, 0.0]]}