{"name": "tree-2-4_random", "nodes": [{"index": 0, "id": "0", "x": 134.00634542038094, "y": 68.7888960113147}, {"index": 1, "id": "1", "x": 404.69581249137644, "y": 20.074538507332278}, {"index": 2, "id": "2", "x": 261.2181592504863, "y": 83.01833026517492}, {"index": 3, "id": "3", "x": 174.23560854935658, "y": 440.0}, {"index": 4, "id": "4", "x": 220.59686254851923, "y": 121.4821946184419}, {"index": 5, "id": "5", "x": 72.30652769793554, "y": 385.764137300526}, {"index": 6, "id": "6", "x": 381.54301432921, "y": 135.54993430126632}, {"index": 7, "id": "7", "x": 401.59424575658346, "y": 276.64923192534326}, {"index": 8, "id": "8", "x": 29.544302228009713, "y": 124.25658953381202}, {"index": 9, "id": "9", "x": 308.5021755876733, "y": 238.46583067407}, {"index": 10, "id": "10", "x": 10.0, "y": 399.18060071765746}, {"index": 11, "id": "11", "x": 165.67601269219767, "y": 287.50200184998226}, {"index": 12, "id": "12", "x": 13.801967790934803, "y": 102.17409019059147}, {"index": 13, "id": "13", "x": 116.16849716247083, "y": 209.75318226647946}, {"index": 14, "id": "14", "x": 60.90276200384505, "y": 146.8662996119525}, {"index": 15, "id": "15", "x": 370.0119031986119, "y": 61.30037587477055}, {"index": 16, "id": "16", "x": 266.82118725663446, "y": 172.47722444383592}, {"index": 17, "id": "17", "x": 169.41333989924877, "y": 369.3286412862277}, {"index": 18, "id": "18", "x": 126.67686447411492, "y": 341.3445137932589}, {"index": 19, "id": "19", "x": 191.44757485808108, "y": 221.52718004381416}, {"index": 20, "id": "20", "x": 314.3639878435472, "y": 79.99824216688226}, {"index": 21, "id": "21", "x": 440.0, "y": 184.38080116700363}, {"index": 22, "id": "22", "x": 42.163224166114226, "y": 401.4886715057319}, {"index": 23, "id": "23", "x": 65.02917368253543, "y": 328.99603393947064}, {"index": 24, "id": "24", "x": 181.8915662200344, "y": 185.41452277541927}, {"index": 25, "id": "25", "x": 273.13395636346456, "y": 173.95899904108387}, {"index": 26, "id": "26", "x": 73.25856165514637, "y": 39.604080085124885}, {"index": 27, "id": "27", "x": 434.27554417173724, "y": 407.10818344643434}, {"index": 28, "id": "28", "x": 16.963768659318376, "y": 67.22653951129675}, {"index": 29, "id": "29", "x": 408.1824933613551, "y": 10.0}, {"index": 30, "id": "30", "x": 88.96629228995943, "y": 164.52099004539528}], "edges": [{"source": "0", "target": "1"}, {"source": "0", "target": "2"}, {"source": "1", "target": "3"}, {"source": "1", "target": "4"}, {"source": "2", "target": "5"}, {"source": "2", "target": "6"}, {"source": "3", "target": "7"}, {"source": "3", "target": "8"}, {"source": "4", "target": "9"}, {"source": "4", "target": "10"}, {"source": "5", "target": "11"}, {"source": "5", "target": "12"}, {"source": "6", "target": "13"}, {"source": "6", "target": "14"}, {"source": "7", "target": "15"}, {"source": "7", "target": "16"}, {"source": "8", "target": "17"}, {"source": "8", "target": "18"}, {"source": "9", "target": "19"}, {"source": "9", "target": "20"}, {"source": "10", "target": "21"}, {"source": "10", "target": "22"}, {"source": "11", "target": "23"}, {"source": "11", "target": "24"}, {"source": "12", "target": "25"}, {"source": "12", "target": "26"}, {"source": "13", "target": "27"}, {"source": "13", "target": "28"}, {"source": "14", "target": "29"}, {"source": "14", "target": "30"}], "weight": [[1.0, 1.0, 1.0, 0.25, 0.25, 0.25, 0.25, 0.1111111119389534, 0.1111111119389534, 0.1111111119389534, 0.1111111119389534, 0.1111111119389534, 0.1111111119389534, 0.1111111119389534, 0.1111111119389534, 0.0625, 0.0625, 0.0625, 0.0625, 0.0625, 0.0625, 0.0625, 0.0625, 0.0625, 0.0625, 0.0625, 0.0625, 0.0625, 0.0625, 0.0625, 0.0625], [1.0, 1.0, 0.25, 1.0, 1.0, 0.1111111119389534, 0.1111111119389534, 0.25, 0.25, 0.25, 0.25, 0.0625, 0.0625, 0.0625, 0.0625, 0.1111111119389534, 0.1111111119389534, 0.1111111119389534, 0.1111111119389534, 0.1111111119389534, 0.1111111119389534, 0.1111111119389534, 0.1111111119389534, 0.03999999910593033, 0.03999999910593033, 0.03999999910593033, 0.03999999910593033, 0.03999999910593033, 0.03999999910593033, 0.03999999910593033, 0.03999999910593033], [1.0, 0.25, 1.0, 0.1111111119389534, 0.1111111119389534, 1.0, 1.0, 0.0625, 0.0625, 0.0625, 0.0625, 0.25, 0.25, 0.25, 0.25, 0.03999999910593033, 0.03999999910593033, 0.03999999910593033, 0.03999999910593033, 0.03999999910593033, 0.03999999910593033, 0.03999999910593033, 0.03999999910593033, 0.1111111119389534, 0.1111111119389534, 0.1111111119389534, 0.1111111119389534, 0.1111111119389534, 0.1111111119389534, 0.1111111119389534, 0.1111111119389534], [0.25, 1.0, 0.1111111119389534, 1.0, 0.25, 0.0625, 0.0625, 1.0, 1.0, 0.1111111119389534, 0.1111111119389534, 0.03999999910593033, 0.03999999910593033, 0.03999999910593033, 0.03999999910593033, 0.25, 0.25, 0.25, 0.25, 0.0625, 0.0625, 0.0625, 0.0625, 0.02777777798473835, 0.02777777798473835, 0.02777777798473835, 0.02777777798473835, 0.02777777798473835, 0.02777777798473835, 0.02777777798473835, 0.02777777798473835], [0.25, 1.0, 0.1111111119389534, 0.25, 1.0, 0.0625, 0.0625, 0.1111111119389534, 0.1111111119389534, 1.0, 1.0, 0.03999999910593033, 0.03999999910593033, 0.03999999910593033, 0.03999999910593033, 0.0625, 0.0625, 0.0625, 0.0625, 0.25, 0.25, 0.25, 0.25, 0.02777777798473835, 0.02777777798473835, 0.02777777798473835, 0.02777777798473835, 0.02777777798473835, 0.02777777798473835, 0.02777777798473835, 0.02777777798473835], [0.25, 0.1111111119389534, 1.0, 0.0625, 0.0625, 1.0, 0.25, 0.03999999910593033, 0.03999999910593033, 0.03999999910593033, 0.03999999910593033, 1.0, 1.0, 0.1111111119389534, 0.1111111119389534, 0.02777777798473835, 0.02777777798473835, 0.02777777798473835, 0.02777777798473835, 0.02777777798473835, 0.02777777798473835, 0.02777777798473835, 0.02777777798473835, 0.25, 0.25, 0.25, 0.25, 0.0625, 0.0625, 0.0625, 0.0625], [0.25, 0.1111111119389534, 1.0, 0.0625, 0.0625, 0.25, 1.0, 0.03999999910593033, 0.03999999910593033, 0.03999999910593033, 0.03999999910593033, 0.1111111119389534, 0.1111111119389534, 1.0, 1.0, 0.02777777798473835, 0.02777777798473835, 0.02777777798473835, 0.02777777798473835, 0.02777777798473835, 0.02777777798473835, 0.02777777798473835, 0.02777777798473835, 0.0625, 0.0625, 0.0625, 0.0625, 0.25, 0.25, 0.25, 0.25], [0.1111111119389534, 0.25, 0.0625, 1.0, 0.1111111119389534, 0.03999999910593033, 0.03999999910593033, 1.0, 0.25, 0.0625, 0.0625, 0.02777777798473835, 0.02777777798473835, 0.02777777798473835, 0.02777777798473835, 1.0, 1.0, 0.1111111119389534, 0.1111111119389534, 0.03999999910593033, 0.03999999910593033, 0.03999999910593033, 0.03999999910593033, 0.020408162847161293, 0.020408162847161293, 0.020408162847161293, 0.020408162847161293, 0.020408162847161293, 0.020408162847161293, 0.020408162847161293, 0.020408162847161293], [0.1111111119389534, 0.25, 0.0625, 1.0, 0.1111111119389534, 0.03999999910593033, 0.03999999910593033, 0.25, 1.0, 0.0625, 0.0625, 0.02777777798473835, 0.02777777798473835, 0.02777777798473835, 0.02777777798473835, 0.1111111119389534, 0.1111111119389534, 1.0, 1.0, 0.03999999910593033, 0.03999999910593033, 0.03999999910593033, 0.03999999910593033, 0.020408162847161293, 0.020408162847161293, 0.020408162847161293, 0.020408162847161293, 0.020408162847161293, 0.020408162847161293, 0.020408162847161293, 0.020408162847161293], [0.1111111119389534, 0.25, 0.0625, 0.1111111119389534, 1.0, 0.03999999910593033, 0.03999999910593033, 0.0625, 0.0625, 1.0, 0.25, 0.02777777798473835, 0.02777777798473835, 0.02777777798473835, 0.02777777798473835, 0.03999999910593033, 0.03999999910593033, 0.03999999910593033, 0.03999999910593033, 1.0, 1.0, 0.1111111119389534, 0.1111111119389534, 0.020408162847161293, 0.020408162847161293, 0.020408162847161293, 0.020408162847161293, 0.020408162847161293, 0.020408162847161293, 0.020408162847161293, 0.020408162847161293], [0.1111111119389534, 0.25, 0.0625, 0.1111111119389534, 1.0, 0.03999999910593033, 0.03999999910593033, 0.0625, 0.0625, 0.25, 1.0, 0.02777777798473835, 0.02777777798473835, 0.02777777798473835, 0.02777777798473835, 0.03999999910593033, 0.03999999910593033, 0.03999999910593033, 0.03999999910593033, 0.1111111119389534, 0.1111111119389534, 1.0, 1.0, 0.020408162847161293, 0.020408162847161293, 0.020408162847161293, 0.020408162847161293, 0.020408162847161293, 0.020408162847161293, 0.020408162847161293, 0.020408162847161293], [0.1111111119389534, 0.0625, 0.25, 0.03999999910593033, 0.03999999910593033, 1.0, 0.1111111119389534, 0.02777777798473835, 0.02777777798473835, 0.02777777798473835, 0.02777777798473835, 1.0, 0.25, 0.0625, 0.0625, 0.020408162847161293, 0.020408162847161293, 0.020408162847161293, 0.020408162847161293, 0.020408162847161293, 0.020408162847161293, 0.020408162847161293, 0.020408162847161293, 1.0, 1.0, 0.1111111119389534, 0.1111111119389534, 0.03999999910593033, 0.03999999910593033, 0.03999999910593033, 0.03999999910593033], [0.1111111119389534, 0.0625, 0.25, 0.03999999910593033, 0.03999999910593033, 1.0, 0.1111111119389534, 0.02777777798473835, 0.02777777798473835, 0.02777777798473835, 0.02777777798473835, 0.25, 1.0, 0.0625, 0.0625, 0.020408162847161293, 0.020408162847161293, 0.020408162847161293, 0.020408162847161293, 0.020408162847161293, 0.020408162847161293, 0.020408162847161293, 0.020408162847161293, 0.1111111119389534, 0.1111111119389534, 1.0, 1.0, 0.03999999910593033, 0.03999999910593033, 0.03999999910593033, 0.03999999910593033], [0.1111111119389534, 0.0625, 0.25, 0.03999999910593033, 0.03999999910593033, 0.1111111119389534, 1.0, 0.02777777798473835, 0.02777777798473835, 0.02777777798473835, 0.02777777798473835, 0.0625, 0.0625, 1.0, 0.25, 0.020408162847161293, 0.020408162847161293, 0.020408162847161293, 0.020408162847161293, 0.020408162847161293, 0.020408162847161293, 0.020408162847161293, 0.020408162847161293, 0.03999999910593033, 0.03999999910593033, 0.03999999910593033, 0.03999999910593033, 1.0, 1.0, 0.1111111119389534, 0.1111111119389534], [0.1111111119389534, 0.0625, 0.25, 0.03999999910593033, 0.03999999910593033, 0.1111111119389534, 1.0, 0.02777777798473835, 0.02777777798473835, 0.02777777798473835, 0.02777777798473835, 0.0625, 0.0625, 0.25, 1.0, 0.020408162847161293, 0.020408162847161293, 0.020408162847161293, 0.020408162847161293, 0.020408162847161293, 0.020408162847161293, 0.020408162847161293, 0.020408162847161293, 0.03999999910593033, 0.03999999910593033, 0.03999999910593033, 0.03999999910593033, 0.1111111119389534, 0.1111111119389534, 1.0, 1.0], [0.0625, 0.1111111119389534, 0.03999999910593033, 0.25, 0.0625, 0.02777777798473835, 0.02777777798473835, 1.0, 0.1111111119389534, 0.03999999910593033, 0.03999999910593033, 0.020408162847161293, 0.020408162847161293, 0.020408162847161293, 0.020408162847161293, 1.0, 0.25, 0.0625, 0.0625, 0.02777777798473835, 0.02777777798473835, 0.02777777798473835, 0.02777777798473835, 0.015625, 0.015625, 0.015625, 0.015625, 0.015625, 0.015625, 0.015625, 0.015625], [0.0625, 0.1111111119389534, 0.03999999910593033, 0.25, 0.0625, 0.02777777798473835, 0.02777777798473835, 1.0, 0.1111111119389534, 0.03999999910593033, 0.03999999910593033, 0.020408162847161293, 0.020408162847161293, 0.020408162847161293, 0.020408162847161293, 0.25, 1.0, 0.0625, 0.0625, 0.02777777798473835, 0.02777777798473835, 0.02777777798473835, 0.02777777798473835, 0.015625, 0.015625, 0.015625, 0.015625, 0.015625, 0.015625, 0.015625, 0.015625], [0.0625, 0.1111111119389534, 0.03999999910593033, 0.25, 0.0625, 0.02777777798473835, 0.02777777798473835, 0.1111111119389534, 1.0, 0.03999999910593033, 0.03999999910593033, 0.020408162847161293, 0.020408162847161293, 0.020408162847161293, 0.020408162847161293, 0.0625, 0.0625, 1.0, 0.25, 0.02777777798473835, 0.02777777798473835, 0.02777777798473835, 0.02777777798473835, 0.015625, 0.015625, 0.015625, 0.015625, 0.015625, 0.015625, 0.015625, 0.015625], [0.0625, 0.1111111119389534, 0.03999999910593033, 0.25, 0.0625, 0.02777777798473835, 0.02777777798473835, 0.1111111119389534, 1.0, 0.03999999910593033, 0.03999999910593033, 0.020408162847161293, 0.020408162847161293, 0.020408162847161293, 0.020408162847161293, 0.0625, 0.0625, 0.25, 1.0, 0.02777777798473835, 0.02777777798473835, 0.02777777798473835, 0.02777777798473835, 0.015625, 0.015625, 0.015625, 0.015625, 0.015625, 0.015625, 0.015625, 0.015625], [0.0625, 0.1111111119389534, 0.03999999910593033, 0.0625, 0.25, 0.02777777798473835, 0.02777777798473835, 0.03999999910593033, 0.03999999910593033, 1.0, 0.1111111119389534, 0.020408162847161293, 0.020408162847161293, 0.020408162847161293, 0.020408162847161293, 0.02777777798473835, 0.02777777798473835, 0.02777777798473835, 0.02777777798473835, 1.0, 0.25, 0.0625, 0.0625, 0.015625, 0.015625, 0.015625, 0.015625, 0.015625, 0.015625, 0.015625, 0.015625], [0.0625, 0.1111111119389534, 0.03999999910593033, 0.0625, 0.25, 0.02777777798473835, 0.02777777798473835, 0.03999999910593033, 0.03999999910593033, 1.0, 0.1111111119389534, 0.020408162847161293, 0.020408162847161293, 0.020408162847161293, 0.020408162847161293, 0.02777777798473835, 0.02777777798473835, 0.02777777798473835, 0.02777777798473835, 0.25, 1.0, 0.0625, 0.0625, 0.015625, 0.015625, 0.015625, 0.015625, 0.015625, 0.015625, 0.015625, 0.015625], [0.0625, 0.1111111119389534, 0.03999999910593033, 0.0625, 0.25, 0.02777777798473835, 0.02777777798473835, 0.03999999910593033, 0.03999999910593033, 0.1111111119389534, 1.0, 0.020408162847161293, 0.020408162847161293, 0.020408162847161293, 0.020408162847161293, 0.02777777798473835, 0.02777777798473835, 0.02777777798473835, 0.02777777798473835, 0.0625, 0.0625, 1.0, 0.25, 0.015625, 0.015625, 0.015625, 0.015625, 0.015625, 0.015625, 0.015625, 0.015625], [0.0625, 0.1111111119389534, 0.03999999910593033, 0.0625, 0.25, 0.02777777798473835, 0.02777777798473835, 0.03999999910593033, 0.03999999910593033, 0.1111111119389534, 1.0, 0.020408162847161293, 0.020408162847161293, 0.020408162847161293, 0.020408162847161293, 0.02777777798473835, 0.02777777798473835, 0.02777777798473835, 0.02777777798473835, 0.0625, 0.0625, 0.25, 1.0, 0.015625, 0.015625, 0.015625, 0.015625, 0.015625, 0.015625, 0.015625, 0.015625], [0.0625, 0.03999999910593033, 0.1111111119389534, 0.02777777798473835, 0.02777777798473835, 0.25, 0.0625, 0.020408162847161293, 0.020408162847161293, 0.020408162847161293, 0.020408162847161293, 1.0, 0.1111111119389534, 0.03999999910593033, 0.03999999910593033, 0.015625, 0.015625, 0.015625, 0.015625, 0.015625, 0.015625, 0.015625, 0.015625, 1.0, 0.25, 0.0625, 0.0625, 0.02777777798473835, 0.02777777798473835, 0.02777777798473835, 0.02777777798473835], [0.0625, 0.03999999910593033, 0.1111111119389534, 0.02777777798473835, 0.02777777798473835, 0.25, 0.0625, 0.020408162847161293, 0.020408162847161293, 0.020408162847161293, 0.020408162847161293, 1.0, 0.1111111119389534, 0.03999999910593033, 0.03999999910593033, 0.015625, 0.015625, 0.015625, 0.015625, 0.015625, 0.015625, 0.015625, 0.015625, 0.25, 1.0, 0.0625, 0.0625, 0.02777777798473835, 0.02777777798473835, 0.02777777798473835, 0.02777777798473835], [0.0625, 0.03999999910593033, 0.1111111119389534, 0.02777777798473835, 0.02777777798473835, 0.25, 0.0625, 0.020408162847161293, 0.020408162847161293, 0.020408162847161293, 0.020408162847161293, 0.1111111119389534, 1.0, 0.03999999910593033, 0.03999999910593033, 0.015625, 0.015625, 0.015625, 0.015625, 0.015625, 0.015625, 0.015625, 0.015625, 0.0625, 0.0625, 1.0, 0.25, 0.02777777798473835, 0.02777777798473835, 0.02777777798473835, 0.02777777798473835], [0.0625, 0.03999999910593033, 0.1111111119389534, 0.02777777798473835, 0.02777777798473835, 0.25, 0.0625, 0.020408162847161293, 0.020408162847161293, 0.020408162847161293, 0.020408162847161293, 0.1111111119389534, 1.0, 0.03999999910593033, 0.03999999910593033, 0.015625, 0.015625, 0.015625, 0.015625, 0.015625, 0.015625, 0.015625, 0.015625, 0.0625, 0.0625, 0.25, 1.0, 0.02777777798473835, 0.02777777798473835, 0.02777777798473835, 0.02777777798473835], [0.0625, 0.03999999910593033, 0.1111111119389534, 0.02777777798473835, 0.02777777798473835, 0.0625, 0.25, 0.020408162847161293, 0.020408162847161293, 0.020408162847161293, 0.020408162847161293, 0.03999999910593033, 0.03999999910593033, 1.0, 0.1111111119389534, 0.015625, 0.015625, 0.015625, 0.015625, 0.015625, 0.015625, 0.015625, 0.015625, 0.02777777798473835, 0.02777777798473835, 0.02777777798473835, 0.02777777798473835, 1.0, 0.25, 0.0625, 0.0625], [0.0625, 0.03999999910593033, 0.1111111119389534, 0.02777777798473835, 0.02777777798473835, 0.0625, 0.25, 0.020408162847161293, 0.020408162847161293, 0.020408162847161293, 0.020408162847161293, 0.03999999910593033, 0.03999999910593033, 1.0, 0.1111111119389534, 0.015625, 0.015625, 0.015625, 0.015625, 0.015625, 0.015625, 0.015625, 0.015625, 0.02777777798473835, 0.02777777798473835, 0.02777777798473835, 0.02777777798473835, 0.25, 1.0, 0.0625, 0.0625], [0.0625, 0.03999999910593033, 0.1111111119389534, 0.02777777798473835, 0.02777777798473835, 0.0625, 0.25, 0.020408162847161293, 0.020408162847161293, 0.020408162847161293, 0.020408162847161293, 0.03999999910593033, 0.03999999910593033, 0.1111111119389534, 1.0, 0.015625, 0.015625, 0.015625, 0.015625, 0.015625, 0.015625, 0.015625, 0.015625, 0.02777777798473835, 0.02777777798473835, 0.02777777798473835, 0.02777777798473835, 0.0625, 0.0625, 1.0, 0.25], [0.0625, 0.03999999910593033, 0.1111111119389534, 0.02777777798473835, 0.02777777798473835, 0.0625, 0.25, 0.020408162847161293, 0.020408162847161293, 0.020408162847161293, 0.020408162847161293, 0.03999999910593033, 0.03999999910593033, 0.1111111119389534, 1.0, 0.015625, 0.015625, 0.015625, 0.015625, 0.015625, 0.015625, 0.015625, 0.015625, 0.02777777798473835, 0.02777777798473835, 0.02777777798473835, 0.02777777798473835, 0.0625, 0.0625, 0.25, 1.0]], "shortestPath": [[0.0, 1.0, 1.0, 2.0, 2.0, 2.0, 2.0, 3.0, 3.0, 3.0, 3.0, 3.0, 3.0, 3.0, 3.0, 4.0, 4.0, 4.0, 4.0, 4.0, 4.0, 4.0, 4.0, 4.0, 4.0, 4.0, 4.0, 4.0, 4.0, 4.0, 4.0], [1.0, 0.0, 2.0, 1.0, 1.0, 3.0, 3.0, 2.0, 2.0, 2.0, 2.0, 4.0, 4.0, 4.0, 4.0, 3.0, 3.0, 3.0, 3.0, 3.0, 3.0, 3.0, 3.0, 5.0, 5.0, 5.0, 5.0, 5.0, 5.0, 5.0, 5.0], [1.0, 2.0, 0.0, 3.0, 3.0, 1.0, 1.0, 4.0, 4.0, 4.0, 4.0, 2.0, 2.0, 2.0, 2.0, 5.0, 5.0, 5.0, 5.0, 5.0, 5.0, 5.0, 5.0, 3.0, 3.0, 3.0, 3.0, 3.0, 3.0, 3.0, 3.0], [2.0, 1.0, 3.0, 0.0, 2.0, 4.0, 4.0, 1.0, 1.0, 3.0, 3.0, 5.0, 5.0, 5.0, 5.0, 2.0, 2.0, 2.0, 2.0, 4.0, 4.0, 4.0, 4.0, 6.0, 6.0, 6.0, 6.0, 6.0, 6.0, 6.0, 6.0], [2.0, 1.0, 3.0, 2.0, 0.0, 4.0, 4.0, 3.0, 3.0, 1.0, 1.0, 5.0, 5.0, 5.0, 5.0, 4.0, 4.0, 4.0, 4.0, 2.0, 2.0, 2.0, 2.0, 6.0, 6.0, 6.0, 6.0, 6.0, 6.0, 6.0, 6.0], [2.0, 3.0, 1.0, 4.0, 4.0, 0.0, 2.0, 5.0, 5.0, 5.0, 5.0, 1.0, 1.0, 3.0, 3.0, 6.0, 6.0, 6.0, 6.0, 6.0, 6.0, 6.0, 6.0, 2.0, 2.0, 2.0, 2.0, 4.0, 4.0, 4.0, 4.0], [2.0, 3.0, 1.0, 4.0, 4.0, 2.0, 0.0, 5.0, 5.0, 5.0, 5.0, 3.0, 3.0, 1.0, 1.0, 6.0, 6.0, 6.0, 6.0, 6.0, 6.0, 6.0, 6.0, 4.0, 4.0, 4.0, 4.0, 2.0, 2.0, 2.0, 2.0], [3.0, 2.0, 4.0, 1.0, 3.0, 5.0, 5.0, 0.0, 2.0, 4.0, 4.0, 6.0, 6.0, 6.0, 6.0, 1.0, 1.0, 3.0, 3.0, 5.0, 5.0, 5.0, 5.0, 7.0, 7.0, 7.0, 7.0, 7.0, 7.0, 7.0, 7.0], [3.0, 2.0, 4.0, 1.0, 3.0, 5.0, 5.0, 2.0, 0.0, 4.0, 4.0, 6.0, 6.0, 6.0, 6.0, 3.0, 3.0, 1.0, 1.0, 5.0, 5.0, 5.0, 5.0, 7.0, 7.0, 7.0, 7.0, 7.0, 7.0, 7.0, 7.0], [3.0, 2.0, 4.0, 3.0, 1.0, 5.0, 5.0, 4.0, 4.0, 0.0, 2.0, 6.0, 6.0, 6.0, 6.0, 5.0, 5.0, 5.0, 5.0, 1.0, 1.0, 3.0, 3.0, 7.0, 7.0, 7.0, 7.0, 7.0, 7.0, 7.0, 7.0], [3.0, 2.0, 4.0, 3.0, 1.0, 5.0, 5.0, 4.0, 4.0, 2.0, 0.0, 6.0, 6.0, 6.0, 6.0, 5.0, 5.0, 5.0, 5.0, 3.0, 3.0, 1.0, 1.0, 7.0, 7.0, 7.0, 7.0, 7.0, 7.0, 7.0, 7.0], [3.0, 4.0, 2.0, 5.0, 5.0, 1.0, 3.0, 6.0, 6.0, 6.0, 6.0, 0.0, 2.0, 4.0, 4.0, 7.0, 7.0, 7.0, 7.0, 7.0, 7.0, 7.0, 7.0, 1.0, 1.0, 3.0, 3.0, 5.0, 5.0, 5.0, 5.0], [3.0, 4.0, 2.0, 5.0, 5.0, 1.0, 3.0, 6.0, 6.0, 6.0, 6.0, 2.0, 0.0, 4.0, 4.0, 7.0, 7.0, 7.0, 7.0, 7.0, 7.0, 7.0, 7.0, 3.0, 3.0, 1.0, 1.0, 5.0, 5.0, 5.0, 5.0], [3.0, 4.0, 2.0, 5.0, 5.0, 3.0, 1.0, 6.0, 6.0, 6.0, 6.0, 4.0, 4.0, 0.0, 2.0, 7.0, 7.0, 7.0, 7.0, 7.0, 7.0, 7.0, 7.0, 5.0, 5.0, 5.0, 5.0, 1.0, 1.0, 3.0, 3.0], [3.0, 4.0, 2.0, 5.0, 5.0, 3.0, 1.0, 6.0, 6.0, 6.0, 6.0, 4.0, 4.0, 2.0, 0.0, 7.0, 7.0, 7.0, 7.0, 7.0, 7.0, 7.0, 7.0, 5.0, 5.0, 5.0, 5.0, 3.0, 3.0, 1.0, 1.0], [4.0, 3.0, 5.0, 2.0, 4.0, 6.0, 6.0, 1.0, 3.0, 5.0, 5.0, 7.0, 7.0, 7.0, 7.0, 0.0, 2.0, 4.0, 4.0, 6.0, 6.0, 6.0, 6.0, 8.0, 8.0, 8.0, 8.0, 8.0, 8.0, 8.0, 8.0], [4.0, 3.0, 5.0, 2.0, 4.0, 6.0, 6.0, 1.0, 3.0, 5.0, 5.0, 7.0, 7.0, 7.0, 7.0, 2.0, 0.0, 4.0, 4.0, 6.0, 6.0, 6.0, 6.0, 8.0, 8.0, 8.0, 8.0, 8.0, 8.0, 8.0, 8.0], [4.0, 3.0, 5.0, 2.0, 4.0, 6.0, 6.0, 3.0, 1.0, 5.0, 5.0, 7.0, 7.0, 7.0, 7.0, 4.0, 4.0, 0.0, 2.0, 6.0, 6.0, 6.0, 6.0, 8.0, 8.0, 8.0, 8.0, 8.0, 8.0, 8.0, 8.0], [4.0, 3.0, 5.0, 2.0, 4.0, 6.0, 6.0, 3.0, 1.0, 5.0, 5.0, 7.0, 7.0, 7.0, 7.0, 4.0, 4.0, 2.0, 0.0, 6.0, 6.0, 6.0, 6.0, 8.0, 8.0, 8.0, 8.0, 8.0, 8.0, 8.0, 8.0], [4.0, 3.0, 5.0, 4.0, 2.0, 6.0, 6.0, 5.0, 5.0, 1.0, 3.0, 7.0, 7.0, 7.0, 7.0, 6.0, 6.0, 6.0, 6.0, 0.0, 2.0, 4.0, 4.0, 8.0, 8.0, 8.0, 8.0, 8.0, 8.0, 8.0, 8.0], [4.0, 3.0, 5.0, 4.0, 2.0, 6.0, 6.0, 5.0, 5.0, 1.0, 3.0, 7.0, 7.0, 7.0, 7.0, 6.0, 6.0, 6.0, 6.0, 2.0, 0.0, 4.0, 4.0, 8.0, 8.0, 8.0, 8.0, 8.0, 8.0, 8.0, 8.0], [4.0, 3.0, 5.0, 4.0, 2.0, 6.0, 6.0, 5.0, 5.0, 3.0, 1.0, 7.0, 7.0, 7.0, 7.0, 6.0, 6.0, 6.0, 6.0, 4.0, 4.0, 0.0, 2.0, 8.0, 8.0, 8.0, 8.0, 8.0, 8.0, 8.0, 8.0], [4.0, 3.0, 5.0, 4.0, 2.0, 6.0, 6.0, 5.0, 5.0, 3.0, 1.0, 7.0, 7.0, 7.0, 7.0, 6.0, 6.0, 6.0, 6.0, 4.0, 4.0, 2.0, 0.0, 8.0, 8.0, 8.0, 8.0, 8.0, 8.0, 8.0, 8.0], [4.0, 5.0, 3.0, 6.0, 6.0, 2.0, 4.0, 7.0, 7.0, 7.0, 7.0, 1.0, 3.0, 5.0, 5.0, 8.0, 8.0, 8.0, 8.0, 8.0, 8.0, 8.0, 8.0, 0.0, 2.0, 4.0, 4.0, 6.0, 6.0, 6.0, 6.0], [4.0, 5.0, 3.0, 6.0, 6.0, 2.0, 4.0, 7.0, 7.0, 7.0, 7.0, 1.0, 3.0, 5.0, 5.0, 8.0, 8.0, 8.0, 8.0, 8.0, 8.0, 8.0, 8.0, 2.0, 0.0, 4.0, 4.0, 6.0, 6.0, 6.0, 6.0], [4.0, 5.0, 3.0, 6.0, 6.0, 2.0, 4.0, 7.0, 7.0, 7.0, 7.0, 3.0, 1.0, 5.0, 5.0, 8.0, 8.0, 8.0, 8.0, 8.0, 8.0, 8.0, 8.0, 4.0, 4.0, 0.0, 2.0, 6.0, 6.0, 6.0, 6.0], [4.0, 5.0, 3.0, 6.0, 6.0, 2.0, 4.0, 7.0, 7.0, 7.0, 7.0, 3.0, 1.0, 5.0, 5.0, 8.0, 8.0, 8.0, 8.0, 8.0, 8.0, 8.0, 8.0, 4.0, 4.0, 2.0, 0.0, 6.0, 6.0, 6.0, 6.0], [4.0, 5.0, 3.0, 6.0, 6.0, 4.0, 2.0, 7.0, 7.0, 7.0, 7.0, 5.0, 5.0, 1.0, 3.0, 8.0, 8.0, 8.0, 8.0, 8.0, 8.0, 8.0, 8.0, 6.0, 6.0, 6.0, 6.0, 0.0, 2.0, 4.0, 4.0], [4.0, 5.0, 3.0, 6.0, 6.0, 4.0, 2.0, 7.0, 7.0, 7.0, 7.0, 5.0, 5.0, 1.0, 3.0, 8.0, 8.0, 8.0, 8.0, 8.0, 8.0, 8.0, 8.0, 6.0, 6.0, 6.0, 6.0, 2.0, 0.0, 4.0, 4.0], [4.0, 5.0, 3.0, 6.0, 6.0, 4.0, 2.0, 7.0, 7.0, 7.0, 7.0, 5.0, 5.0, 3.0, 1.0, 8.0, 8.0, 8.0, 8.0, 8.0, 8.0, 8.0, 8.0, 6.0, 6.0, 6.0, 6.0, 4.0, 4.0, 0.0, 2.0], [4.0, 5.0, 3.0, 6.0, 6.0, 4.0, 2.0, 7.0, 7.0, 7.0, 7.0, 5.0, 5.0, 3.0, 1.0, 8.0, 8.0, 8.0, 8.0, 8.0, 8.0, 8.0, 8.0, 6.0, 6.0, 6.0, 6.0, 4.0, 4.0, 2.0, 0.0]], "euclideanDistance": [[0.0, 253.8122040921584, 118.08928300496419, 349.990924780269, 93.91015684489055, 302.57112281983336, 236.7382876286719, 314.4681855373922, 109.487812149765, 226.29314763505806, 330.19195742736355, 207.11842658546192, 115.20337786106337, 133.17725873058876, 99.52138853083947, 217.79202687133778, 156.3852806666964, 283.64878294685053, 255.616208103552, 152.6823233654626, 166.6838076878211, 302.3226686599508, 323.2117796064067, 252.10936118996614, 117.9225610264382, 161.82959366884197, 62.3543254358189, 421.0780333298552, 107.96371777870215, 258.82185757478175, 98.89897648976147], [253.8122040921584, 0.0, 144.89704862073674, 447.408872118782, 194.6065563562065, 459.92462313751247, 110.34676079921499, 240.5613442676138, 359.54075686681966, 223.1436239358628, 508.77609736026113, 333.859573459814, 368.66394869580347, 320.0682812788854, 338.644505442432, 50.171986608638605, 191.27641075987182, 392.81894725293995, 395.570701095423, 272.6846104344704, 100.48843539015603, 157.4447835959412, 489.56786395401366, 426.65075793033367, 257.4089874313832, 188.5168115479849, 306.2477171099247, 363.8766727036493, 360.3450040679076, 9.977578120699798, 321.1594984176109], [118.08928300496419, 144.89704862073674, 0.0, 344.1597501923593, 52.001376561974816, 333.0467657622938, 121.41802527246851, 222.97568946174667, 217.15288438203362, 152.12111531989265, 376.2284745406566, 210.99185044238058, 228.9089625568885, 178.93042720323385, 194.2148222736955, 102.39039063769034, 84.02872107455127, 281.46124185594294, 272.1277005584781, 144.9261716312404, 49.10056014097252, 190.32133137664695, 360.51036388737924, 293.129870200705, 120.70248468132799, 85.96430614360507, 178.07766225570757, 343.21666829330223, 225.77306933392464, 151.8571882827919, 176.29550679924802], [349.990924780269, 447.408872118782, 344.1597501923593, 0.0, 301.66344161491674, 106.88340323309936, 343.55553896033797, 259.67068649530336, 324.7091142651149, 225.91090291422557, 156.2413117634002, 143.18799258194196, 349.5821842277602, 222.40636885462055, 294.0281539282095, 398.3209311680056, 264.947773680653, 66.40505397198528, 102.36649746641314, 205.4373147775455, 361.41027174088913, 342.8098071596632, 127.05446730649537, 144.83105557853892, 238.78383601702987, 265.57627325404485, 386.761307527438, 241.8210559432218, 378.3921828125591, 457.2508051365443, 269.97704377746857], [93.91015684489055, 194.6065563562065, 52.001376561974816, 301.66344161491674, 0.0, 283.0148514082814, 149.03280456312103, 221.43160015962724, 176.23580717589894, 136.39048563848215, 324.82557407115894, 163.68284799123356, 191.59353950163145, 126.98787569451305, 149.20339996731536, 148.91498570387728, 64.05797516546556, 237.10864515243426, 223.5888957410727, 97.57162131636858, 94.82816963399785, 210.78230597037512, 309.83609897961423, 241.7391203964298, 69.7640629536874, 69.05487567147864, 156.07837005332854, 332.4894124568094, 194.5861501042019, 202.1369292400409, 127.93843339009072], [302.57112281983336, 459.92462313751247, 333.0467657622938, 106.88340323309936, 283.0148514082814, 0.0, 369.29741451612637, 320.4824316613786, 248.32130932458085, 257.93558444103553, 58.82860551713033, 126.10751884351647, 271.29257358806325, 169.90094040993193, 224.21874235411224, 409.7937464402489, 268.6491062164386, 90.88186239485061, 65.18513832253569, 189.1670576255421, 363.3463488581407, 388.1524425330141, 31.469219286096873, 53.64292869534341, 213.30055225652075, 271.55451221456417, 324.5337415466106, 334.45990736691226, 302.9670137566539, 469.12517223163644, 207.98863858719247], [236.7382876286719, 110.34676079921499, 121.41802527246851, 343.55553896033797, 149.03280456312103, 369.29741451612637, 0.0, 133.5701999195335, 324.83728518167135, 117.67795069888257, 422.52234203649215, 244.8200013532502, 340.62483053139715, 254.46132479684908, 295.93156984001774, 70.41838569415086, 111.33282017822144, 293.7997531187847, 304.11316519459325, 192.97460511234314, 80.94288824471369, 70.7312771796775, 400.183951767043, 343.6825088744986, 189.9891580564716, 106.27704116751427, 298.23367134639045, 259.19601901885153, 342.31472123750945, 120.24299087891083, 271.22046777811937], [314.4681855373922, 240.5613442676138, 222.97568946174667, 259.67068649530336, 221.43160015962724, 320.4824316613786, 133.5701999195335, 0.0, 371.7125867538754, 93.02663954781717, 379.01372675787275, 217.83604685236156, 393.3072801700859, 270.62872450575696, 336.9697230681016, 203.98486181073184, 158.08383142162177, 231.10694750029603, 260.7221878017301, 200.59890006643482, 201.1555140456977, 93.47566243412085, 351.57317826550457, 314.28485942935976, 219.95433620136046, 152.66763812629375, 375.6327358645437, 125.9678479428659, 405.46904601226123, 250.0632756369446, 306.9156209865913], [109.487812149765, 359.54075686681966, 217.15288438203362, 324.7091142651149, 176.23580717589894, 248.32130932458085, 324.83728518167135, 371.7125867538754, 0.0, 278.6859620883581, 258.37683078263234, 197.96102981496628, 25.287028797345734, 113.17429013722231, 35.85913232989801, 319.5276418642968, 223.47193980778076, 263.5010515885491, 222.37045210661302, 174.97407192920733, 265.9590499943704, 382.75561377374135, 260.1715548347778, 194.7180414768977, 151.76470415206236, 229.4552156720376, 89.01826648180057, 457.902614180569, 54.7115519396648, 365.2940133678109, 66.54957851870971], [226.29314763505806, 223.1436239358628, 152.12111531989265, 225.91090291422557, 136.39048563848215, 257.93558444103553, 117.67795069888257, 93.02663954781717, 278.6859620883581, 0.0, 313.8549503068844, 139.5264298456961, 300.35072908358933, 179.42897138423726, 243.98510050500715, 175.5183608476413, 72.83773213980506, 177.51016603066958, 193.46333214358202, 109.1265277428483, 148.66514351092084, 131.45914967529146, 289.3207815191986, 240.07014099347754, 126.92926062584098, 68.7138382690859, 286.0724415866872, 196.09944605839073, 313.1774735129844, 233.0900911832746, 214.02656404335258], [330.19195742736355, 508.77609736026113, 376.2284745406566, 156.2413117634002, 324.82557407115894, 58.82860551713033, 422.52234203649215, 379.01372675787275, 258.37683078263234, 313.8549503068844, 0.0, 177.70650395273685, 278.4721191677064, 202.80079005999303, 241.1643857620403, 458.9163239074784, 318.2517554099247, 149.67414047780707, 120.5047419745962, 236.11171334693015, 410.3091078778279, 444.8059098349001, 29.744442586905752, 83.1008283830991, 255.53934041675708, 321.6954573544386, 342.12273745296557, 391.39952733479623, 311.2803982168068, 517.6950044772327, 231.74157230348098], [207.11842658546192, 333.859573459814, 210.99185044238058, 143.18799258194196, 163.68284799123356, 126.10751884351647, 244.8200013532502, 217.83604685236156, 197.96102981496628, 139.5264298456961, 177.70650395273685, 0.0, 223.1842858562301, 86.01304271046736, 163.4714492585201, 283.71390955985356, 142.59126445919603, 76.79165520940742, 61.983656573508966, 66.26310645264829, 238.0197468224658, 270.8628542496578, 156.1993707855122, 100.65271448305327, 96.87077995847675, 145.4471283435701, 247.5485105805175, 271.9372734853651, 247.91458015159097, 343.09744817797895, 135.27548925192085], [115.20337786106337, 368.66394869580347, 228.9089625568885, 349.5821842277602, 191.59353950163145, 271.29257358806325, 340.62483053139715, 393.3072801700859, 25.287028797345734, 300.35072908358933, 278.4721191677064, 223.1842858562301, 0.0, 138.155434334054, 60.35659044002178, 330.77605605865494, 242.50030560623114, 288.67276685885673, 247.21809907404472, 198.41323050278928, 278.00074543010066, 400.5860423422414, 281.8305370646242, 217.8364486129021, 173.57018364213553, 248.4813728031763, 80.30230659316611, 481.8036718807372, 32.893616223323235, 373.8790938627806, 90.68016724196445], [133.17725873058876, 320.0682812788854, 178.93042720323385, 222.40636885462055, 126.98787569451305, 169.90094040993193, 254.46132479684908, 270.62872450575696, 113.17429013722231, 179.42897138423726, 202.80079005999303, 86.01304271046736, 138.155434334054, 0.0, 77.93835537182883, 272.3747483850597, 143.28116544763947, 157.45983802240085, 123.74987112142288, 70.30532916098544, 219.58112771825026, 299.63047435119273, 192.27975305975426, 121.33612863933766, 64.77172895045652, 148.6148140661265, 164.35493867377988, 346.8724537146281, 161.9482711363627, 328.0459082446961, 49.272538741186466], [99.52138853083947, 338.644505442432, 194.2148222736955, 294.0281539282095, 149.20339996731536, 224.21874235411224, 295.93156984001774, 336.9697230681016, 35.85913232989801, 243.98510050500715, 241.1643857620403, 163.4714492585201, 60.35659044002178, 77.93835537182883, 0.0, 296.1764145418792, 191.43979831278392, 231.3341901473314, 192.15555003768307, 139.27468337634036, 242.0386194569339, 351.42329380767796, 239.33891799862454, 170.7929838018268, 117.29965666183368, 197.39167856028698, 101.20435523778391, 422.0477439918095, 84.95379872893326, 345.057455873961, 30.723831760245524], [217.79202687133778, 50.171986608638605, 102.39039063769034, 398.3209311680056, 148.91498570387728, 409.7937464402489, 70.41838569415086, 203.98486181073184, 319.5276418642968, 175.5183608476413, 458.9163239074784, 283.71390955985356, 330.77605605865494, 272.3747483850597, 296.1764145418792, 0.0, 141.14818256201414, 342.9702814608471, 345.4042531039029, 222.91333164169836, 54.23756414990359, 132.21991430630965, 439.49805701851824, 376.982345682149, 208.91630948429602, 138.34695950265285, 274.4641025011298, 329.5761921861765, 325.6800150566209, 59.60408774342929, 276.6955923412836], [156.3852806666964, 191.27641075987182, 84.02872107455127, 264.947773680653, 64.05797516546556, 268.6491062164386, 111.33282017822144, 158.08383142162177, 223.47193980778076, 72.83773213980506, 318.2517554099247, 142.59126445919603, 242.50030560623114, 143.28116544763947, 191.43979831278392, 141.14818256201414, 0.0, 205.25962870628638, 204.38382905726846, 83.35326079891139, 97.15953630333658, 160.12020431241217, 298.3864137346932, 237.0105482062512, 79.26795789459413, 5.985988381582029, 217.6962017543383, 268.7798129676908, 250.69153682221975, 200.50733413272943, 164.2132922590934], [283.64878294685053, 392.81894725293995, 281.46124185594294, 66.40505397198528, 237.10864515243426, 90.88186239485061, 293.7997531187847, 231.10694750029603, 263.5010515885491, 177.51016603066958, 149.67414047780707, 76.79165520940742, 288.67276685885673, 157.45983802240085, 231.3341901473314, 342.9702814608471, 205.25962870628638, 0.0, 47.35059077743065, 140.0495116276594, 302.4115407557342, 303.89549556587, 121.1794953700399, 103.43751377101327, 172.80716423307055, 206.64179006820277, 321.5947123542925, 246.84893393119705, 316.2107190919444, 402.4765152869178, 205.84971055231998], [255.616208103552, 395.570701095423, 272.1277005584781, 102.36649746641314, 223.5888957410727, 65.18513832253569, 304.11316519459325, 260.7221878017301, 222.37045210661302, 193.46333214358202, 120.5047419745962, 61.983656573508966, 247.21809907404472, 123.74987112142288, 192.15555003768307, 345.4042531039029, 204.38382905726846, 47.35059077743065, 0.0, 127.22940317091043, 300.00276791244875, 324.30196610252653, 96.20688709768555, 58.0271011750933, 154.80446870289455, 207.0603346153185, 287.1467919729206, 290.33445863654475, 276.1969738504, 404.86384292147875, 169.3854942839789], [152.6823233654626, 272.6846104344704, 144.9261716312404, 205.4373147775455, 97.57162131636858, 189.1670576255421, 192.97460511234314, 200.59890006643482, 174.97407192920733, 109.1265277428483, 236.11171334693015, 66.26310645264829, 198.41323050278928, 70.30532916098544, 139.27468337634036, 222.91333164169836, 83.35326079891139, 140.0495116276594, 127.22940317091043, 0.0, 174.52446264623723, 231.88147947439427, 217.77222858563226, 154.10179580671272, 34.984874136315, 87.55231528600943, 202.41807832659148, 283.60962481771827, 216.39426888568096, 281.5834544145586, 108.58618217731349], [166.6838076878211, 100.48843539015603, 49.10056014097252, 361.41027174088913, 94.82816963399785, 363.3463488581407, 80.94288824471369, 201.1555140456977, 265.9590499943704, 148.66514351092084, 410.3091078778279, 238.0197468224658, 278.00074543010066, 219.58112771825026, 242.0386194569339, 54.23756414990359, 97.15953630333658, 302.4115407557342, 300.00276791244875, 174.52446264623723, 0.0, 151.67369582847073, 392.27200332243353, 327.6922534758533, 157.1517105219402, 95.94815187177686, 225.5841877801448, 326.00686011471936, 274.56718463729044, 108.6029870416442, 222.48481692913862], [302.3226686599508, 157.4447835959412, 190.32133137664695, 342.8098071596632, 210.78230597037512, 388.1524425330141, 70.7312771796775, 93.47566243412085, 382.75561377374135, 131.45914967529146, 444.8059098349001, 270.8628542496578, 400.5860423422414, 299.63047435119273, 351.42329380767796, 132.21991430630965, 160.12020431241217, 303.89549556587, 324.30196610252653, 231.88147947439427, 151.67369582847073, 0.0, 419.6155879369861, 371.4783505323486, 238.0673174466914, 154.2180959600997, 364.478487981379, 208.87848896029124, 405.3500622169436, 166.09886275645908, 324.3095332597245], [323.2117796064067, 489.56786395401366, 360.51036388737924, 127.05446730649537, 309.83609897961423, 31.469219286096873, 400.183951767043, 351.57317826550457, 260.1715548347778, 289.3207815191986, 29.744442586905752, 156.1993707855122, 281.8305370646242, 192.27975305975426, 239.33891799862454, 439.49805701851824, 298.3864137346932, 121.1794953700399, 96.20688709768555, 217.77222858563226, 392.27200332243353, 419.6155879369861, 0.0, 71.16057858879971, 240.09544138439657, 301.4743232023474, 340.4847507661757, 361.7016971084866, 314.2387384070085, 498.68002235600005, 226.3175519191406], [252.10936118996614, 426.65075793033367, 293.129870200705, 144.83105557853892, 241.7391203964298, 53.64292869534341, 343.6825088744986, 314.28485942935976, 194.7180414768977, 240.07014099347754, 83.1008283830991, 100.65271448305327, 217.8364486129021, 121.33612863933766, 170.7929838018268, 376.982345682149, 237.0105482062512, 103.43751377101327, 58.0271011750933, 154.10179580671272, 327.6922534758533, 371.4783505323486, 71.16057858879971, 0.0, 172.44774797038136, 240.7686551601046, 271.4173817055017, 348.35739120392697, 249.38669272882868, 435.4497081587645, 155.7714925738211], [117.9225610264382, 257.4089874313832, 120.70248468132799, 238.78383601702987, 69.7640629536874, 213.30055225652075, 189.9891580564716, 219.95433620136046, 151.76470415206236, 126.92926062584098, 255.53934041675708, 96.87077995847675, 173.57018364213553, 64.77172895045652, 117.29965666183368, 208.91630948429602, 79.26795789459413, 172.80716423307055, 154.80446870289455, 34.984874136315, 157.1517105219402, 238.0673174466914, 240.09544138439657, 172.44774797038136, 0.0, 84.83959440132327, 169.48893913072902, 312.06986362268617, 188.19707253177057, 265.7232919030989, 87.91914164264627], [161.82959366884197, 188.5168115479849, 85.96430614360507, 265.57627325404485, 69.05487567147864, 271.55451221456417, 106.27704116751427, 152.66763812629375, 229.4552156720376, 68.7138382690859, 321.6954573544386, 145.4471283435701, 248.4813728031763, 148.6148140661265, 197.39167856028698, 138.34695950265285, 5.985988381582029, 206.64179006820277, 207.0603346153185, 87.55231528600943, 95.94815187177686, 154.2180959600997, 301.4743232023474, 240.7686551601046, 84.83959440132327, 0.0, 223.27695799107374, 264.32679350393795, 256.5928918307849, 197.84819002553604, 170.09665233853352], [62.3543254358189, 306.2477171099247, 178.07766225570757, 386.761307527438, 156.07837005332854, 324.5337415466106, 298.23367134639045, 375.6327358645437, 89.01826648180057, 286.0724415866872, 342.12273745296557, 247.5485105805175, 80.30230659316611, 164.35493867377988, 101.20435523778391, 274.4641025011298, 217.6962017543383, 321.5947123542925, 287.1467919729206, 202.41807832659148, 225.5841877801448, 364.478487981379, 340.4847507661757, 271.4173817055017, 169.48893913072902, 223.27695799107374, 0.0, 479.15276321050834, 58.022968229948304, 310.1601215785803, 118.00506013792048], [421.0780333298552, 363.8766727036493, 343.21666829330223, 241.8210559432218, 332.4894124568094, 334.45990736691226, 259.19601901885153, 125.9678479428659, 457.902614180569, 196.09944605839073, 391.39952733479623, 271.9372734853651, 481.8036718807372, 346.8724537146281, 422.0477439918095, 329.5761921861765, 268.7798129676908, 246.84893393119705, 290.33445863654475, 283.60962481771827, 326.00686011471936, 208.87848896029124, 361.7016971084866, 348.35739120392697, 312.06986362268617, 264.32679350393795, 479.15276321050834, 0.0, 499.68802400442246, 373.0746036361957, 391.36123309197836], [107.96371777870215, 360.3450040679076, 225.77306933392464, 378.3921828125591, 194.5861501042019, 302.9670137566539, 342.31472123750945, 405.46904601226123, 54.7115519396648, 313.1774735129844, 311.2803982168068, 247.91458015159097, 32.893616223323235, 161.9482711363627, 84.95379872893326, 325.6800150566209, 250.69153682221975, 316.2107190919444, 276.1969738504, 216.39426888568096, 274.56718463729044, 405.3500622169436, 314.2387384070085, 249.38669272882868, 188.19707253177057, 256.5928918307849, 58.022968229948304, 499.68802400442246, 0.0, 364.80585884386056, 112.83062919929296], [258.82185757478175, 9.977578120699798, 151.8571882827919, 457.2508051365443, 202.1369292400409, 469.12517223163644, 120.24299087891083, 250.0632756369446, 365.2940133678109, 233.0900911832746, 517.6950044772327, 343.09744817797895, 373.8790938627806, 328.0459082446961, 345.057455873961, 59.60408774342929, 2