{"name": "tree-2-4_random", "nodes": [{"index": 0, "id": "0", "x": 47.21956369208385, "y": 228.79609209259726}, {"index": 1, "id": "1", "x": 296.8196083933358, "y": 422.8434773881339}, {"index": 2, "id": "2", "x": 110.11679263155582, "y": 46.43718038163158}, {"index": 3, "id": "3", "x": 163.27240203407135, "y": 64.09581916191215}, {"index": 4, "id": "4", "x": 133.66644138470443, "y": 109.6073845375693}, {"index": 5, "id": "5", "x": 130.47610009250684, "y": 322.2835048269464}, {"index": 6, "id": "6", "x": 297.78358200459854, "y": 151.373931215643}, {"index": 7, "id": "7", "x": 151.98351599628708, "y": 343.32509379023213}, {"index": 8, "id": "8", "x": 205.06424389298277, "y": 22.360867963523432}, {"index": 9, "id": "9", "x": 240.614764127127, "y": 339.7490569816264}, {"index": 10, "id": "10", "x": 32.58417534242615, "y": 100.01971430078339}, {"index": 11, "id": "11", "x": 166.41961675398446, "y": 275.48328766098484}, {"index": 12, "id": "12", "x": 421.68320050500483, "y": 287.1104076158566}, {"index": 13, "id": "13", "x": 75.45597346829736, "y": 270.0035617063727}, {"index": 14, "id": "14", "x": 440.0, "y": 173.02407742966832}, {"index": 15, "id": "15", "x": 66.21850168994492, "y": 34.550513541191236}, {"index": 16, "id": "16", "x": 10.0, "y": 17.07099714256521}, {"index": 17, "id": "17", "x": 267.5106989894245, "y": 213.95812649351817}, {"index": 18, "id": "18", "x": 95.18956118569295, "y": 262.79250889291256}, {"index": 19, "id": "19", "x": 265.14265958349887, "y": 440.00000000000006}, {"index": 20, "id": "20", "x": 121.74161633781998, "y": 326.5714796304801}, {"index": 21, "id": "21", "x": 33.4044541720332, "y": 179.88046223708125}, {"index": 22, "id": "22", "x": 61.18394833085267, "y": 409.35064050030047}, {"index": 23, "id": "23", "x": 392.9859572666806, "y": 149.47844203876255}, {"index": 24, "id": "24", "x": 401.41706489433136, "y": 273.9250662706696}, {"index": 25, "id": "25", "x": 379.88198613955933, "y": 181.02501433737413}, {"index": 26, "id": "26", "x": 12.457478757011984, "y": 241.8231429293222}, {"index": 27, "id": "27", "x": 347.81448023457835, "y": 10.0}, {"index": 28, "id": "28", "x": 121.49544099808469, "y": 273.47852065203034}, {"index": 29, "id": "29", "x": 431.3854378914045, "y": 405.7636552832421}, {"index": 30, "id": "30", "x": 338.83344546731126, "y": 410.196987999104}], "edges": [{"source": "0", "target": "1"}, {"source": "0", "target": "2"}, {"source": "1", "target": "3"}, {"source": "1", "target": "4"}, {"source": "2", "target": "5"}, {"source": "2", "target": "6"}, {"source": "3", "target": "7"}, {"source": "3", "target": "8"}, {"source": "4", "target": "9"}, {"source": "4", "target": "10"}, {"source": "5", "target": "11"}, {"source": "5", "target": "12"}, {"source": "6", "target": "13"}, {"source": "6", "target": "14"}, {"source": "7", "target": "15"}, {"source": "7", "target": "16"}, {"source": "8", "target": "17"}, {"source": "8", "target": "18"}, {"source": "9", "target": "19"}, {"source": "9", "target": "20"}, {"source": "10", "target": "21"}, {"source": "10", "target": "22"}, {"source": "11", "target": "23"}, {"source": "11", "target": "24"}, {"source": "12", "target": "25"}, {"source": "12", "target": "26"}, {"source": "13", "target": "27"}, {"source": "13", "target": "28"}, {"source": "14", "target": "29"}, {"source": "14", "target": "30"}], "weight": [[1.0, 1.0, 1.0, 0.25, 0.25, 0.25, 0.25, 0.1111111119389534, 0.1111111119389534, 0.1111111119389534, 0.1111111119389534, 0.1111111119389534, 0.1111111119389534, 0.1111111119389534, 0.1111111119389534, 0.0625, 0.0625, 0.0625, 0.0625, 0.0625, 0.0625, 0.0625, 0.0625, 0.0625, 0.0625, 0.0625, 0.0625, 0.0625, 0.0625, 0.0625, 0.0625], [1.0, 1.0, 0.25, 1.0, 1.0, 0.1111111119389534, 0.1111111119389534, 0.25, 0.25, 0.25, 0.25, 0.0625, 0.0625, 0.0625, 0.0625, 0.1111111119389534, 0.1111111119389534, 0.1111111119389534, 0.1111111119389534, 0.1111111119389534, 0.1111111119389534, 0.1111111119389534, 0.1111111119389534, 0.03999999910593033, 0.03999999910593033, 0.03999999910593033, 0.03999999910593033, 0.03999999910593033, 0.03999999910593033, 0.03999999910593033, 0.03999999910593033], [1.0, 0.25, 1.0, 0.1111111119389534, 0.1111111119389534, 1.0, 1.0, 0.0625, 0.0625, 0.0625, 0.0625, 0.25, 0.25, 0.25, 0.25, 0.03999999910593033, 0.03999999910593033, 0.03999999910593033, 0.03999999910593033, 0.03999999910593033, 0.03999999910593033, 0.03999999910593033, 0.03999999910593033, 0.1111111119389534, 0.1111111119389534, 0.1111111119389534, 0.1111111119389534, 0.1111111119389534, 0.1111111119389534, 0.1111111119389534, 0.1111111119389534], [0.25, 1.0, 0.1111111119389534, 1.0, 0.25, 0.0625, 0.0625, 1.0, 1.0, 0.1111111119389534, 0.1111111119389534, 0.03999999910593033, 0.03999999910593033, 0.03999999910593033, 0.03999999910593033, 0.25, 0.25, 0.25, 0.25, 0.0625, 0.0625, 0.0625, 0.0625, 0.02777777798473835, 0.02777777798473835, 0.02777777798473835, 0.02777777798473835, 0.02777777798473835, 0.02777777798473835, 0.02777777798473835, 0.02777777798473835], [0.25, 1.0, 0.1111111119389534, 0.25, 1.0, 0.0625, 0.0625, 0.1111111119389534, 0.1111111119389534, 1.0, 1.0, 0.03999999910593033, 0.03999999910593033, 0.03999999910593033, 0.03999999910593033, 0.0625, 0.0625, 0.0625, 0.0625, 0.25, 0.25, 0.25, 0.25, 0.02777777798473835, 0.02777777798473835, 0.02777777798473835, 0.02777777798473835, 0.02777777798473835, 0.02777777798473835, 0.02777777798473835, 0.02777777798473835], [0.25, 0.1111111119389534, 1.0, 0.0625, 0.0625, 1.0, 0.25, 0.03999999910593033, 0.03999999910593033, 0.03999999910593033, 0.03999999910593033, 1.0, 1.0, 0.1111111119389534, 0.1111111119389534, 0.02777777798473835, 0.02777777798473835, 0.02777777798473835, 0.02777777798473835, 0.02777777798473835, 0.02777777798473835, 0.02777777798473835, 0.02777777798473835, 0.25, 0.25, 0.25, 0.25, 0.0625, 0.0625, 0.0625, 0.0625], [0.25, 0.1111111119389534, 1.0, 0.0625, 0.0625, 0.25, 1.0, 0.03999999910593033, 0.03999999910593033, 0.03999999910593033, 0.03999999910593033, 0.1111111119389534, 0.1111111119389534, 1.0, 1.0, 0.02777777798473835, 0.02777777798473835, 0.02777777798473835, 0.02777777798473835, 0.02777777798473835, 0.02777777798473835, 0.02777777798473835, 0.02777777798473835, 0.0625, 0.0625, 0.0625, 0.0625, 0.25, 0.25, 0.25, 0.25], [0.1111111119389534, 0.25, 0.0625, 1.0, 0.1111111119389534, 0.03999999910593033, 0.03999999910593033, 1.0, 0.25, 0.0625, 0.0625, 0.02777777798473835, 0.02777777798473835, 0.02777777798473835, 0.02777777798473835, 1.0, 1.0, 0.1111111119389534, 0.1111111119389534, 0.03999999910593033, 0.03999999910593033, 0.03999999910593033, 0.03999999910593033, 0.020408162847161293, 0.020408162847161293, 0.020408162847161293, 0.020408162847161293, 0.020408162847161293, 0.020408162847161293, 0.020408162847161293, 0.020408162847161293], [0.1111111119389534, 0.25, 0.0625, 1.0, 0.1111111119389534, 0.03999999910593033, 0.03999999910593033, 0.25, 1.0, 0.0625, 0.0625, 0.02777777798473835, 0.02777777798473835, 0.02777777798473835, 0.02777777798473835, 0.1111111119389534, 0.1111111119389534, 1.0, 1.0, 0.03999999910593033, 0.03999999910593033, 0.03999999910593033, 0.03999999910593033, 0.020408162847161293, 0.020408162847161293, 0.020408162847161293, 0.020408162847161293, 0.020408162847161293, 0.020408162847161293, 0.020408162847161293, 0.020408162847161293], [0.1111111119389534, 0.25, 0.0625, 0.1111111119389534, 1.0, 0.03999999910593033, 0.03999999910593033, 0.0625, 0.0625, 1.0, 0.25, 0.02777777798473835, 0.02777777798473835, 0.02777777798473835, 0.02777777798473835, 0.03999999910593033, 0.03999999910593033, 0.03999999910593033, 0.03999999910593033, 1.0, 1.0, 0.1111111119389534, 0.1111111119389534, 0.020408162847161293, 0.020408162847161293, 0.020408162847161293, 0.020408162847161293, 0.020408162847161293, 0.020408162847161293, 0.020408162847161293, 0.020408162847161293], [0.1111111119389534, 0.25, 0.0625, 0.1111111119389534, 1.0, 0.03999999910593033, 0.03999999910593033, 0.0625, 0.0625, 0.25, 1.0, 0.02777777798473835, 0.02777777798473835, 0.02777777798473835, 0.02777777798473835, 0.03999999910593033, 0.03999999910593033, 0.03999999910593033, 0.03999999910593033, 0.1111111119389534, 0.1111111119389534, 1.0, 1.0, 0.020408162847161293, 0.020408162847161293, 0.020408162847161293, 0.020408162847161293, 0.020408162847161293, 0.020408162847161293, 0.020408162847161293, 0.020408162847161293], [0.1111111119389534, 0.0625, 0.25, 0.03999999910593033, 0.03999999910593033, 1.0, 0.1111111119389534, 0.02777777798473835, 0.02777777798473835, 0.02777777798473835, 0.02777777798473835, 1.0, 0.25, 0.0625, 0.0625, 0.020408162847161293, 0.020408162847161293, 0.020408162847161293, 0.020408162847161293, 0.020408162847161293, 0.020408162847161293, 0.020408162847161293, 0.020408162847161293, 1.0, 1.0, 0.1111111119389534, 0.1111111119389534, 0.03999999910593033, 0.03999999910593033, 0.03999999910593033, 0.03999999910593033], [0.1111111119389534, 0.0625, 0.25, 0.03999999910593033, 0.03999999910593033, 1.0, 0.1111111119389534, 0.02777777798473835, 0.02777777798473835, 0.02777777798473835, 0.02777777798473835, 0.25, 1.0, 0.0625, 0.0625, 0.020408162847161293, 0.020408162847161293, 0.020408162847161293, 0.020408162847161293, 0.020408162847161293, 0.020408162847161293, 0.020408162847161293, 0.020408162847161293, 0.1111111119389534, 0.1111111119389534, 1.0, 1.0, 0.03999999910593033, 0.03999999910593033, 0.03999999910593033, 0.03999999910593033], [0.1111111119389534, 0.0625, 0.25, 0.03999999910593033, 0.03999999910593033, 0.1111111119389534, 1.0, 0.02777777798473835, 0.02777777798473835, 0.02777777798473835, 0.02777777798473835, 0.0625, 0.0625, 1.0, 0.25, 0.020408162847161293, 0.020408162847161293, 0.020408162847161293, 0.020408162847161293, 0.020408162847161293, 0.020408162847161293, 0.020408162847161293, 0.020408162847161293, 0.03999999910593033, 0.03999999910593033, 0.03999999910593033, 0.03999999910593033, 1.0, 1.0, 0.1111111119389534, 0.1111111119389534], [0.1111111119389534, 0.0625, 0.25, 0.03999999910593033, 0.03999999910593033, 0.1111111119389534, 1.0, 0.02777777798473835, 0.02777777798473835, 0.02777777798473835, 0.02777777798473835, 0.0625, 0.0625, 0.25, 1.0, 0.020408162847161293, 0.020408162847161293, 0.020408162847161293, 0.020408162847161293, 0.020408162847161293, 0.020408162847161293, 0.020408162847161293, 0.020408162847161293, 0.03999999910593033, 0.03999999910593033, 0.03999999910593033, 0.03999999910593033, 0.1111111119389534, 0.1111111119389534, 1.0, 1.0], [0.0625, 0.1111111119389534, 0.03999999910593033, 0.25, 0.0625, 0.02777777798473835, 0.02777777798473835, 1.0, 0.1111111119389534, 0.03999999910593033, 0.03999999910593033, 0.020408162847161293, 0.020408162847161293, 0.020408162847161293, 0.020408162847161293, 1.0, 0.25, 0.0625, 0.0625, 0.02777777798473835, 0.02777777798473835, 0.02777777798473835, 0.02777777798473835, 0.015625, 0.015625, 0.015625, 0.015625, 0.015625, 0.015625, 0.015625, 0.015625], [0.0625, 0.1111111119389534, 0.03999999910593033, 0.25, 0.0625, 0.02777777798473835, 0.02777777798473835, 1.0, 0.1111111119389534, 0.03999999910593033, 0.03999999910593033, 0.020408162847161293, 0.020408162847161293, 0.020408162847161293, 0.020408162847161293, 0.25, 1.0, 0.0625, 0.0625, 0.02777777798473835, 0.02777777798473835, 0.02777777798473835, 0.02777777798473835, 0.015625, 0.015625, 0.015625, 0.015625, 0.015625, 0.015625, 0.015625, 0.015625], [0.0625, 0.1111111119389534, 0.03999999910593033, 0.25, 0.0625, 0.02777777798473835, 0.02777777798473835, 0.1111111119389534, 1.0, 0.03999999910593033, 0.03999999910593033, 0.020408162847161293, 0.020408162847161293, 0.020408162847161293, 0.020408162847161293, 0.0625, 0.0625, 1.0, 0.25, 0.02777777798473835, 0.02777777798473835, 0.02777777798473835, 0.02777777798473835, 0.015625, 0.015625, 0.015625, 0.015625, 0.015625, 0.015625, 0.015625, 0.015625], [0.0625, 0.1111111119389534, 0.03999999910593033, 0.25, 0.0625, 0.02777777798473835, 0.02777777798473835, 0.1111111119389534, 1.0, 0.03999999910593033, 0.03999999910593033, 0.020408162847161293, 0.020408162847161293, 0.020408162847161293, 0.020408162847161293, 0.0625, 0.0625, 0.25, 1.0, 0.02777777798473835, 0.02777777798473835, 0.02777777798473835, 0.02777777798473835, 0.015625, 0.015625, 0.015625, 0.015625, 0.015625, 0.015625, 0.015625, 0.015625], [0.0625, 0.1111111119389534, 0.03999999910593033, 0.0625, 0.25, 0.02777777798473835, 0.02777777798473835, 0.03999999910593033, 0.03999999910593033, 1.0, 0.1111111119389534, 0.020408162847161293, 0.020408162847161293, 0.020408162847161293, 0.020408162847161293, 0.02777777798473835, 0.02777777798473835, 0.02777777798473835, 0.02777777798473835, 1.0, 0.25, 0.0625, 0.0625, 0.015625, 0.015625, 0.015625, 0.015625, 0.015625, 0.015625, 0.015625, 0.015625], [0.0625, 0.1111111119389534, 0.03999999910593033, 0.0625, 0.25, 0.02777777798473835, 0.02777777798473835, 0.03999999910593033, 0.03999999910593033, 1.0, 0.1111111119389534, 0.020408162847161293, 0.020408162847161293, 0.020408162847161293, 0.020408162847161293, 0.02777777798473835, 0.02777777798473835, 0.02777777798473835, 0.02777777798473835, 0.25, 1.0, 0.0625, 0.0625, 0.015625, 0.015625, 0.015625, 0.015625, 0.015625, 0.015625, 0.015625, 0.015625], [0.0625, 0.1111111119389534, 0.03999999910593033, 0.0625, 0.25, 0.02777777798473835, 0.02777777798473835, 0.03999999910593033, 0.03999999910593033, 0.1111111119389534, 1.0, 0.020408162847161293, 0.020408162847161293, 0.020408162847161293, 0.020408162847161293, 0.02777777798473835, 0.02777777798473835, 0.02777777798473835, 0.02777777798473835, 0.0625, 0.0625, 1.0, 0.25, 0.015625, 0.015625, 0.015625, 0.015625, 0.015625, 0.015625, 0.015625, 0.015625], [0.0625, 0.1111111119389534, 0.03999999910593033, 0.0625, 0.25, 0.02777777798473835, 0.02777777798473835, 0.03999999910593033, 0.03999999910593033, 0.1111111119389534, 1.0, 0.020408162847161293, 0.020408162847161293, 0.020408162847161293, 0.020408162847161293, 0.02777777798473835, 0.02777777798473835, 0.02777777798473835, 0.02777777798473835, 0.0625, 0.0625, 0.25, 1.0, 0.015625, 0.015625, 0.015625, 0.015625, 0.015625, 0.015625, 0.015625, 0.015625], [0.0625, 0.03999999910593033, 0.1111111119389534, 0.02777777798473835, 0.02777777798473835, 0.25, 0.0625, 0.020408162847161293, 0.020408162847161293, 0.020408162847161293, 0.020408162847161293, 1.0, 0.1111111119389534, 0.03999999910593033, 0.03999999910593033, 0.015625, 0.015625, 0.015625, 0.015625, 0.015625, 0.015625, 0.015625, 0.015625, 1.0, 0.25, 0.0625, 0.0625, 0.02777777798473835, 0.02777777798473835, 0.02777777798473835, 0.02777777798473835], [0.0625, 0.03999999910593033, 0.1111111119389534, 0.02777777798473835, 0.02777777798473835, 0.25, 0.0625, 0.020408162847161293, 0.020408162847161293, 0.020408162847161293, 0.020408162847161293, 1.0, 0.1111111119389534, 0.03999999910593033, 0.03999999910593033, 0.015625, 0.015625, 0.015625, 0.015625, 0.015625, 0.015625, 0.015625, 0.015625, 0.25, 1.0, 0.0625, 0.0625, 0.02777777798473835, 0.02777777798473835, 0.02777777798473835, 0.02777777798473835], [0.0625, 0.03999999910593033, 0.1111111119389534, 0.02777777798473835, 0.02777777798473835, 0.25, 0.0625, 0.020408162847161293, 0.020408162847161293, 0.020408162847161293, 0.020408162847161293, 0.1111111119389534, 1.0, 0.03999999910593033, 0.03999999910593033, 0.015625, 0.015625, 0.015625, 0.015625, 0.015625, 0.015625, 0.015625, 0.015625, 0.0625, 0.0625, 1.0, 0.25, 0.02777777798473835, 0.02777777798473835, 0.02777777798473835, 0.02777777798473835], [0.0625, 0.03999999910593033, 0.1111111119389534, 0.02777777798473835, 0.02777777798473835, 0.25, 0.0625, 0.020408162847161293, 0.020408162847161293, 0.020408162847161293, 0.020408162847161293, 0.1111111119389534, 1.0, 0.03999999910593033, 0.03999999910593033, 0.015625, 0.015625, 0.015625, 0.015625, 0.015625, 0.015625, 0.015625, 0.015625, 0.0625, 0.0625, 0.25, 1.0, 0.02777777798473835, 0.02777777798473835, 0.02777777798473835, 0.02777777798473835], [0.0625, 0.03999999910593033, 0.1111111119389534, 0.02777777798473835, 0.02777777798473835, 0.0625, 0.25, 0.020408162847161293, 0.020408162847161293, 0.020408162847161293, 0.020408162847161293, 0.03999999910593033, 0.03999999910593033, 1.0, 0.1111111119389534, 0.015625, 0.015625, 0.015625, 0.015625, 0.015625, 0.015625, 0.015625, 0.015625, 0.02777777798473835, 0.02777777798473835, 0.02777777798473835, 0.02777777798473835, 1.0, 0.25, 0.0625, 0.0625], [0.0625, 0.03999999910593033, 0.1111111119389534, 0.02777777798473835, 0.02777777798473835, 0.0625, 0.25, 0.020408162847161293, 0.020408162847161293, 0.020408162847161293, 0.020408162847161293, 0.03999999910593033, 0.03999999910593033, 1.0, 0.1111111119389534, 0.015625, 0.015625, 0.015625, 0.015625, 0.015625, 0.015625, 0.015625, 0.015625, 0.02777777798473835, 0.02777777798473835, 0.02777777798473835, 0.02777777798473835, 0.25, 1.0, 0.0625, 0.0625], [0.0625, 0.03999999910593033, 0.1111111119389534, 0.02777777798473835, 0.02777777798473835, 0.0625, 0.25, 0.020408162847161293, 0.020408162847161293, 0.020408162847161293, 0.020408162847161293, 0.03999999910593033, 0.03999999910593033, 0.1111111119389534, 1.0, 0.015625, 0.015625, 0.015625, 0.015625, 0.015625, 0.015625, 0.015625, 0.015625, 0.02777777798473835, 0.02777777798473835, 0.02777777798473835, 0.02777777798473835, 0.0625, 0.0625, 1.0, 0.25], [0.0625, 0.03999999910593033, 0.1111111119389534, 0.02777777798473835, 0.02777777798473835, 0.0625, 0.25, 0.020408162847161293, 0.020408162847161293, 0.020408162847161293, 0.020408162847161293, 0.03999999910593033, 0.03999999910593033, 0.1111111119389534, 1.0, 0.015625, 0.015625, 0.015625, 0.015625, 0.015625, 0.015625, 0.015625, 0.015625, 0.02777777798473835, 0.02777777798473835, 0.02777777798473835, 0.02777777798473835, 0.0625, 0.0625, 0.25, 1.0]], "shortestPath": [[0.0, 1.0, 1.0, 2.0, 2.0, 2.0, 2.0, 3.0, 3.0, 3.0, 3.0, 3.0, 3.0, 3.0, 3.0, 4.0, 4.0, 4.0, 4.0, 4.0, 4.0, 4.0, 4.0, 4.0, 4.0, 4.0, 4.0, 4.0, 4.0, 4.0, 4.0], [1.0, 0.0, 2.0, 1.0, 1.0, 3.0, 3.0, 2.0, 2.0, 2.0, 2.0, 4.0, 4.0, 4.0, 4.0, 3.0, 3.0, 3.0, 3.0, 3.0, 3.0, 3.0, 3.0, 5.0, 5.0, 5.0, 5.0, 5.0, 5.0, 5.0, 5.0], [1.0, 2.0, 0.0, 3.0, 3.0, 1.0, 1.0, 4.0, 4.0, 4.0, 4.0, 2.0, 2.0, 2.0, 2.0, 5.0, 5.0, 5.0, 5.0, 5.0, 5.0, 5.0, 5.0, 3.0, 3.0, 3.0, 3.0, 3.0, 3.0, 3.0, 3.0], [2.0, 1.0, 3.0, 0.0, 2.0, 4.0, 4.0, 1.0, 1.0, 3.0, 3.0, 5.0, 5.0, 5.0, 5.0, 2.0, 2.0, 2.0, 2.0, 4.0, 4.0, 4.0, 4.0, 6.0, 6.0, 6.0, 6.0, 6.0, 6.0, 6.0, 6.0], [2.0, 1.0, 3.0, 2.0, 0.0, 4.0, 4.0, 3.0, 3.0, 1.0, 1.0, 5.0, 5.0, 5.0, 5.0, 4.0, 4.0, 4.0, 4.0, 2.0, 2.0, 2.0, 2.0, 6.0, 6.0, 6.0, 6.0, 6.0, 6.0, 6.0, 6.0], [2.0, 3.0, 1.0, 4.0, 4.0, 0.0, 2.0, 5.0, 5.0, 5.0, 5.0, 1.0, 1.0, 3.0, 3.0, 6.0, 6.0, 6.0, 6.0, 6.0, 6.0, 6.0, 6.0, 2.0, 2.0, 2.0, 2.0, 4.0, 4.0, 4.0, 4.0], [2.0, 3.0, 1.0, 4.0, 4.0, 2.0, 0.0, 5.0, 5.0, 5.0, 5.0, 3.0, 3.0, 1.0, 1.0, 6.0, 6.0, 6.0, 6.0, 6.0, 6.0, 6.0, 6.0, 4.0, 4.0, 4.0, 4.0, 2.0, 2.0, 2.0, 2.0], [3.0, 2.0, 4.0, 1.0, 3.0, 5.0, 5.0, 0.0, 2.0, 4.0, 4.0, 6.0, 6.0, 6.0, 6.0, 1.0, 1.0, 3.0, 3.0, 5.0, 5.0, 5.0, 5.0, 7.0, 7.0, 7.0, 7.0, 7.0, 7.0, 7.0, 7.0], [3.0, 2.0, 4.0, 1.0, 3.0, 5.0, 5.0, 2.0, 0.0, 4.0, 4.0, 6.0, 6.0, 6.0, 6.0, 3.0, 3.0, 1.0, 1.0, 5.0, 5.0, 5.0, 5.0, 7.0, 7.0, 7.0, 7.0, 7.0, 7.0, 7.0, 7.0], [3.0, 2.0, 4.0, 3.0, 1.0, 5.0, 5.0, 4.0, 4.0, 0.0, 2.0, 6.0, 6.0, 6.0, 6.0, 5.0, 5.0, 5.0, 5.0, 1.0, 1.0, 3.0, 3.0, 7.0, 7.0, 7.0, 7.0, 7.0, 7.0, 7.0, 7.0], [3.0, 2.0, 4.0, 3.0, 1.0, 5.0, 5.0, 4.0, 4.0, 2.0, 0.0, 6.0, 6.0, 6.0, 6.0, 5.0, 5.0, 5.0, 5.0, 3.0, 3.0, 1.0, 1.0, 7.0, 7.0, 7.0, 7.0, 7.0, 7.0, 7.0, 7.0], [3.0, 4.0, 2.0, 5.0, 5.0, 1.0, 3.0, 6.0, 6.0, 6.0, 6.0, 0.0, 2.0, 4.0, 4.0, 7.0, 7.0, 7.0, 7.0, 7.0, 7.0, 7.0, 7.0, 1.0, 1.0, 3.0, 3.0, 5.0, 5.0, 5.0, 5.0], [3.0, 4.0, 2.0, 5.0, 5.0, 1.0, 3.0, 6.0, 6.0, 6.0, 6.0, 2.0, 0.0, 4.0, 4.0, 7.0, 7.0, 7.0, 7.0, 7.0, 7.0, 7.0, 7.0, 3.0, 3.0, 1.0, 1.0, 5.0, 5.0, 5.0, 5.0], [3.0, 4.0, 2.0, 5.0, 5.0, 3.0, 1.0, 6.0, 6.0, 6.0, 6.0, 4.0, 4.0, 0.0, 2.0, 7.0, 7.0, 7.0, 7.0, 7.0, 7.0, 7.0, 7.0, 5.0, 5.0, 5.0, 5.0, 1.0, 1.0, 3.0, 3.0], [3.0, 4.0, 2.0, 5.0, 5.0, 3.0, 1.0, 6.0, 6.0, 6.0, 6.0, 4.0, 4.0, 2.0, 0.0, 7.0, 7.0, 7.0, 7.0, 7.0, 7.0, 7.0, 7.0, 5.0, 5.0, 5.0, 5.0, 3.0, 3.0, 1.0, 1.0], [4.0, 3.0, 5.0, 2.0, 4.0, 6.0, 6.0, 1.0, 3.0, 5.0, 5.0, 7.0, 7.0, 7.0, 7.0, 0.0, 2.0, 4.0, 4.0, 6.0, 6.0, 6.0, 6.0, 8.0, 8.0, 8.0, 8.0, 8.0, 8.0, 8.0, 8.0], [4.0, 3.0, 5.0, 2.0, 4.0, 6.0, 6.0, 1.0, 3.0, 5.0, 5.0, 7.0, 7.0, 7.0, 7.0, 2.0, 0.0, 4.0, 4.0, 6.0, 6.0, 6.0, 6.0, 8.0, 8.0, 8.0, 8.0, 8.0, 8.0, 8.0, 8.0], [4.0, 3.0, 5.0, 2.0, 4.0, 6.0, 6.0, 3.0, 1.0, 5.0, 5.0, 7.0, 7.0, 7.0, 7.0, 4.0, 4.0, 0.0, 2.0, 6.0, 6.0, 6.0, 6.0, 8.0, 8.0, 8.0, 8.0, 8.0, 8.0, 8.0, 8.0], [4.0, 3.0, 5.0, 2.0, 4.0, 6.0, 6.0, 3.0, 1.0, 5.0, 5.0, 7.0, 7.0, 7.0, 7.0, 4.0, 4.0, 2.0, 0.0, 6.0, 6.0, 6.0, 6.0, 8.0, 8.0, 8.0, 8.0, 8.0, 8.0, 8.0, 8.0], [4.0, 3.0, 5.0, 4.0, 2.0, 6.0, 6.0, 5.0, 5.0, 1.0, 3.0, 7.0, 7.0, 7.0, 7.0, 6.0, 6.0, 6.0, 6.0, 0.0, 2.0, 4.0, 4.0, 8.0, 8.0, 8.0, 8.0, 8.0, 8.0, 8.0, 8.0], [4.0, 3.0, 5.0, 4.0, 2.0, 6.0, 6.0, 5.0, 5.0, 1.0, 3.0, 7.0, 7.0, 7.0, 7.0, 6.0, 6.0, 6.0, 6.0, 2.0, 0.0, 4.0, 4.0, 8.0, 8.0, 8.0, 8.0, 8.0, 8.0, 8.0, 8.0], [4.0, 3.0, 5.0, 4.0, 2.0, 6.0, 6.0, 5.0, 5.0, 3.0, 1.0, 7.0, 7.0, 7.0, 7.0, 6.0, 6.0, 6.0, 6.0, 4.0, 4.0, 0.0, 2.0, 8.0, 8.0, 8.0, 8.0, 8.0, 8.0, 8.0, 8.0], [4.0, 3.0, 5.0, 4.0, 2.0, 6.0, 6.0, 5.0, 5.0, 3.0, 1.0, 7.0, 7.0, 7.0, 7.0, 6.0, 6.0, 6.0, 6.0, 4.0, 4.0, 2.0, 0.0, 8.0, 8.0, 8.0, 8.0, 8.0, 8.0, 8.0, 8.0], [4.0, 5.0, 3.0, 6.0, 6.0, 2.0, 4.0, 7.0, 7.0, 7.0, 7.0, 1.0, 3.0, 5.0, 5.0, 8.0, 8.0, 8.0, 8.0, 8.0, 8.0, 8.0, 8.0, 0.0, 2.0, 4.0, 4.0, 6.0, 6.0, 6.0, 6.0], [4.0, 5.0, 3.0, 6.0, 6.0, 2.0, 4.0, 7.0, 7.0, 7.0, 7.0, 1.0, 3.0, 5.0, 5.0, 8.0, 8.0, 8.0, 8.0, 8.0, 8.0, 8.0, 8.0, 2.0, 0.0, 4.0, 4.0, 6.0, 6.0, 6.0, 6.0], [4.0, 5.0, 3.0, 6.0, 6.0, 2.0, 4.0, 7.0, 7.0, 7.0, 7.0, 3.0, 1.0, 5.0, 5.0, 8.0, 8.0, 8.0, 8.0, 8.0, 8.0, 8.0, 8.0, 4.0, 4.0, 0.0, 2.0, 6.0, 6.0, 6.0, 6.0], [4.0, 5.0, 3.0, 6.0, 6.0, 2.0, 4.0, 7.0, 7.0, 7.0, 7.0, 3.0, 1.0, 5.0, 5.0, 8.0, 8.0, 8.0, 8.0, 8.0, 8.0, 8.0, 8.0, 4.0, 4.0, 2.0, 0.0, 6.0, 6.0, 6.0, 6.0], [4.0, 5.0, 3.0, 6.0, 6.0, 4.0, 2.0, 7.0, 7.0, 7.0, 7.0, 5.0, 5.0, 1.0, 3.0, 8.0, 8.0, 8.0, 8.0, 8.0, 8.0, 8.0, 8.0, 6.0, 6.0, 6.0, 6.0, 0.0, 2.0, 4.0, 4.0], [4.0, 5.0, 3.0, 6.0, 6.0, 4.0, 2.0, 7.0, 7.0, 7.0, 7.0, 5.0, 5.0, 1.0, 3.0, 8.0, 8.0, 8.0, 8.0, 8.0, 8.0, 8.0, 8.0, 6.0, 6.0, 6.0, 6.0, 2.0, 0.0, 4.0, 4.0], [4.0, 5.0, 3.0, 6.0, 6.0, 4.0, 2.0, 7.0, 7.0, 7.0, 7.0, 5.0, 5.0, 3.0, 1.0, 8.0, 8.0, 8.0, 8.0, 8.0, 8.0, 8.0, 8.0, 6.0, 6.0, 6.0, 6.0, 4.0, 4.0, 0.0, 2.0], [4.0, 5.0, 3.0, 6.0, 6.0, 4.0, 2.0, 7.0, 7.0, 7.0, 7.0, 5.0, 5.0, 3.0, 1.0, 8.0, 8.0, 8.0, 8.0, 8.0, 8.0, 8.0, 8.0, 6.0, 6.0, 6.0, 6.0, 4.0, 4.0, 2.0, 0.0]], "euclideanDistance": [[0.0, 307.24065419749525, 187.73369317804085, 195.95944505443032, 143.19797545465056, 121.71780260417353, 254.65000107891174, 150.91132775502652, 252.7187238393369, 216.5965308643119, 126.16658515991281, 124.32177879339316, 367.92459917166497, 48.58627805448224, 385.14617212333377, 189.99579298488158, 209.2577816140927, 214.33963161204497, 57.130441136813836, 295.0073116282278, 119.55640774813773, 49.47198268743659, 176.29221532914573, 344.4271003837286, 346.6401362298535, 326.2705224900565, 36.05030930099585, 361.27664268504964, 84.20944648999632, 410.8065397339823, 333.6550418452413], [307.24065419749525, 0.0, 408.80639682533644, 372.52813449599614, 343.6154664755389, 188.837979773416, 264.27782775914034, 160.50433930227925, 399.91651153559525, 97.57371397923383, 405.6647673431858, 191.322079039376, 179.3122188454531, 261.37649613112904, 280.1175281794284, 439.3185267259213, 483.28857824885216, 205.3311611549888, 250.17912518685083, 34.99403655982029, 194.08830319458596, 348.3313148703459, 229.1251928732348, 282.0210549733959, 176.99550723341574, 248.83764070982488, 327.50379845639395, 404.94135171134013, 223.8552230020369, 131.68659228307666, 42.60345527601362], [187.73369317804085, 408.80639682533644, 0.0, 54.39009075845904, 65.60821865111627, 269.2633120794363, 208.86837896066982, 291.86468811407894, 95.10564720390306, 312.3806907373271, 91.57503439278277, 229.57806688742636, 382.59179203667446, 220.22796837284963, 343.13365110072453, 44.158352016828225, 101.30781849281828, 223.47615753416343, 211.12026810346052, 411.6314944405488, 272.94471915327074, 149.73881663975584, 356.476193848082, 292.34936784236527, 359.1829856259695, 292.8275269627448, 212.52597977653735, 233.4606215154004, 221.3010693299188, 468.6488506859103, 417.97089109089217], [195.95944505443032, 372.52813449599614, 54.39009075845904, 0.0, 52.81107718619335, 253.35464942982892, 155.78882786062877, 272.05109955314344, 57.41665384704917, 278.6547289326103, 131.60026875204184, 205.80882129549164, 331.75940551584654, 217.82644337992517, 288.811235598455, 98.5096395521414, 155.67560814072604, 177.5499788084514, 204.41151895971333, 379.0704728051246, 258.6817190943151, 169.1129908253741, 350.4128304326162, 237.98671541152603, 308.4995479499364, 239.111815917524, 226.64985930158295, 186.72814079563034, 207.82993526001562, 422.3460129359108, 377.5820876339605], [143.19797545465056, 343.6154664755389, 65.60821865111627, 52.81107718619335, 0.0, 207.0638110753836, 164.42675671602058, 228.21846561930153, 109.62620640450693, 246.93021514021626, 98.57067151720392, 164.58110545823786, 328.6867527252439, 166.05677217833218, 303.72052624201143, 98.11275268170357, 150.09210522912602, 164.93034894687784, 153.73277653785647, 346.03643524872524, 211.53199903206925, 118.96839633884385, 300.1644949662483, 254.7147210110424, 305.20351468775607, 248.9253865731667, 174.39092705386125, 229.39168870397097, 159.9658347730862, 408.23133208934235, 353.9745156405218], [121.71780260417353, 188.837979773416, 269.2633120794363, 253.35464942982892, 207.0638110753836, 0.0, 232.5122963156415, 29.249259817605264, 300.8197275589619, 108.26295224699787, 236.32319778027937, 57.386765143782995, 284.7616901887688, 73.77738218805692, 333.7660342200766, 286.970488253827, 319.3144059814817, 169.7573025543909, 67.28683553730403, 173.84758173114747, 9.451023159055136, 167.62547977436918, 108.20855929464753, 305.3554526228852, 267.2015923646151, 278.44336587582814, 138.78547476723358, 370.04905650295126, 48.30500210019913, 303.20819130386093, 219.62855071849424], [254.65000107891174, 264.27782775914034, 208.86837896066982, 155.78882786062877, 164.42675671602058, 232.5122963156415, 0.0, 234.41764885989974, 154.51746442788016, 191.59736186828067, 262.257170385585, 175.67047364200315, 178.6834080347813, 244.78428406418885, 139.6591605951946, 251.92778631941005, 308.45227346394944, 67.64330054165302, 224.59962077291473, 282.7591562124889, 241.44292936827992, 258.14768569253977, 340.3330025729723, 92.4381677158191, 156.05974532596076, 84.76501334535217, 290.6453644442991, 145.94629828289757, 208.36797776278394, 279.5554851143942, 255.09660770504675], [150.91132775502652, 160.50433930227925, 291.86468811407894, 272.05109955314344, 228.21846561930153, 29.249259817605264, 234.41764885989974, 0.0, 316.6798170012114, 86.11108451951158, 263.69842215939866, 67.51462785727554, 267.47495434583504, 103.02441397395255, 325.0552796016686, 311.9100888602561, 346.2276586599035, 168.63679241654307, 95.84414000905214, 144.65368090276087, 33.58416564469276, 196.38790196413717, 109.09196561467246, 300.5794258816149, 251.39155866414177, 271.86354532643503, 167.660414972509, 376.0800578343888, 74.15798271686985, 277.9628585078863, 192.71693443481146], [252.7187238393369, 399.91651153559525, 95.10564720390306, 57.41665384704917, 109.62620640450693, 300.8197275589619, 154.51746442788016, 316.6798170012114, 0.0, 310.8994756338443, 183.71512158027355, 249.25456068209982, 332.63758952719786, 271.9385391506086, 271.16010429449216, 135.30884240892485, 189.43280936043763, 196.1243698641846, 257.21868739185277, 410.7344118158348, 306.9973432525858, 226.46100561955916, 401.79422499896526, 220.4409744874595, 310.3365140279597, 229.4748009974038, 283.91105647767876, 139.09932702896785, 257.57308451366816, 433.10673205047027, 399.2673902570967], [216.5965308643119, 97.57371397923383, 312.3806907373271, 278.6547289326103, 246.93021514021626, 108.26295224699787, 191.59736186828067, 86.11108451951158, 310.8994756338443, 0.0, 308.6238774463128, 95.40404986480688, 183.09330171109966, 174.11555176995066, 252.6026602057306, 341.96098911467294, 385.7407473519208, 125.21029730309414, 159.82142736682127, 100.45720361459503, 116.10950948997818, 254.33112340148338, 186.90083435119632, 237.0429106806407, 168.74282991370896, 205.31439958015923, 241.13317082563796, 337.45834912120597, 132.41670918006156, 196.0283679159887, 117.45042626401495], [126.16658515991281, 405.6647673431858, 91.57503439278277, 131.60026875204184, 98.57067151720392, 236.32319778027937, 262.257170385585, 263.69842215939866, 183.71512158027355, 308.6238774463128, 0.0, 214.61040130000123, 419.34424715408045, 170.63301535068808, 401.8422995072846, 71.61129772320308, 83.67406127555209, 253.60290587813174, 169.7148389690951, 400.63728957674067, 236.92373144161374, 77.74868311636756, 302.41147428728146, 353.1652550421212, 396.0594651748457, 346.24655957481235, 139.42176996201508, 318.3173456804248, 189.64281794911648, 488.33609029816125, 423.7509874817461], [124.32177879339316, 191.322079039376, 229.57806688742636, 205.80882129549164, 164.58110545823786, 57.386765143782995, 175.67047364200315, 67.51462785727554, 249.25456068209982, 95.40404986480688, 214.61040130000123, 0.0, 248.06097838512153, 88.46589153204378, 283.6966540012765, 253.91916641863776, 293.8411563275392, 114.97015449461526, 70.2431066163713, 186.64192924727607, 65.98983344486948, 159.1722547903471, 165.5897405642796, 251.83797497517816, 228.13385758920208, 226.709563473579, 153.01196115720154, 312.73690943822106, 43.65475467090379, 286.7894159516881, 212.6334036259858], [367.92459917166497, 179.3122188454531, 382.59179203667446, 331.75940551584654, 328.6867527252439, 284.7616901887688, 178.6834080347813, 267.47495434583504, 332.63758952719786, 183.09330171109966, 419.34424715408045, 248.06097838512153, 0.0, 336.5198328819914, 112.47769337349257, 423.7069893052335, 478.36003437090596, 165.74501425649308, 317.8335807279534, 212.71163328876136, 293.69791915105236, 391.117810355485, 369.64163268030114, 136.8505607090965, 23.490841921230192, 110.9607210238853, 399.70349810878935, 279.1358277518773, 291.71571718843364, 115.8925486198385, 144.31470023449964], [48.58627805448224, 261.37649613112904, 220.22796837284963, 217.82644337992517, 166.05677217833218, 73.77738218805692, 244.78428406418885, 103.02441397395255, 271.9385391506086, 174.11555176995066, 170.63301535068808, 88.46589153204378, 336.5198328819914, 0.0, 366.26571663613146, 229.38938367041095, 254.2972405332269, 194.26057103568957, 20.402528621942388, 247.58028170556634, 71.0742432505801, 96.76726864136687, 136.3603599162805, 329.82441331007266, 316.45675016077286, 307.9610543999579, 67.02837843659216, 366.0231315089041, 44.821643277830006, 369.9396142157853, 289.82464866553005], [385.14617212333377, 280.1175281794284, 343.13365110072453, 288.811235598455, 303.72052624201143, 333.7660342200766, 139.6591605951946, 325.0552796016686, 271.16010429449216, 252.6026602057306, 401.8422995072846, 283.6966540012765, 112.47769337349257, 366.26571663613146, 0.0, 387.087811053179, 444.1832444975022, 172.12408887170247, 345.9516856618422, 310.4234699895011, 343.21682907524706, 394.7677806905292, 433.78005807830493, 51.072547456813574, 105.1261148234133, 58.87831877428278, 420.4153104762911, 182.19687258752498, 324.2915745831724, 226.72674784805938, 250.90744214691156], [189.99579298488158, 439.3185267259213, 44.158352016828225, 98.5096395521414, 98.11275268170357, 286.970488253827, 251.92778631941005, 311.9100888602561, 135.30884240892485, 341.96098911467294, 71.61129772320308, 253.91916641863776, 423.7069893052335, 229.38938367041095, 387.087811053179, 0.0, 57.166609172373406, 262.08486718574585, 223.96690648944224, 439.413469032207, 289.34766908545384, 145.02085100527833, 364.9014392314306, 336.36889059954115, 400.23702739856066, 336.229644857516, 208.42040724508578, 274.4081203757993, 238.70663394311075, 506.2202175980127, 451.40783115273814], [209.2577816140927, 483.28857824885216, 101.30781849281828, 155.67560814072604, 150.09210522912602, 319.3144059814817, 308.45227346394944, 346.2276586599035, 189.43280936043763, 385.7407473519208, 83.67406127555209, 293.8411563275392, 478.36003437090596, 254.2972405332269, 444.1832444975022, 57.166609172373406, 0.0, 315.0070145996281, 253.1024318465806, 480.482247420732, 320.2315695079806, 160.11556128862213, 385.10398965914425, 393.50235174223724, 454.86936523561644, 392.9467007172033, 218.80968954731068, 328.01289132101135, 272.0697327017851, 557.2421009072236, 498.36625287846437], [214.33963161204497, 205.3311611549888, 223.47615753416343, 177.5499788084514, 164.93034894687784, 169.7573025543909, 67.64330054165302, 168.63679241654307, 196.1243698641846, 125.21029730309414, 253.60290587813174, 114.97015449461526, 165.74501425649308, 194.26057103568957, 172.12408887170247, 262.08486718574585, 315.0070145996281, 0.0, 173.9085145490386, 220.06424386274773, 179.00624707708437, 229.6722233075545, 276.2250708192939, 137.03047768643077, 142.4992218221711, 113.70053144362274, 249.07993823579156, 213.3091449638394, 153.13313042353172, 245.30291713897867, 203.19889266488275], [57.130441136813836, 250.17912518685083, 211.12026810346052, 204.41151895971333, 153.73277653785647, 67.28683553730403, 224.59962077291473, 95.84414000905214, 257.21868739185277, 159.82142736682127, 169.7148389690951, 70.2431066163713, 317.8335807279534, 20.402528621942388, 345.9516856618422, 223.96690648944224, 253.1024318465806, 173.9085145490386, 0.0, 238.7060881925439, 67.2267813190385, 100.56055904873037, 146.44393457463426, 309.4235708719123, 297.4744011593638, 287.6062857068452, 82.86766326296168, 347.4269016889886, 27.57458272959381, 354.8080971551842, 276.6491375310226], [295.0073116282278, 34.99403655982029, 411.6314944405488, 379.0704728051246, 346.03643524872524, 173.84758173114747, 282.7591562124889, 144.65368090276087, 410.7344118158348, 100.45720361459503, 400.63728957674067, 186.64192924727607, 212.71163328876136, 247.58028170556634, 310.4234699895011, 439.413469032207, 480.482247420732, 220.06424386274773, 238.7060881925439, 0.0, 177.68663674427793, 338.72266934274256, 200.23283466919514, 308.8551410501456, 208.90085322884664, 275.6221587843991, 312.07716277459747, 426.22979145807165, 213.83462766625965, 164.7893962592584, 77.19650858819163], [119.55640774813773, 194.08830319458596, 272.94471915327074, 258.6817190943151, 211.53199903206925, 9.451023159055136, 241.44292936827992, 33.58416564469276, 306.9973432525858, 116.10950948997818, 236.92373144161374, 65.98983344486948, 293.69791915105236, 71.0742432505801, 343.21682907524706, 289.34766908545384, 320.2315695079806, 179.00624707708437, 67.2267813190385, 177.68663674427793, 0.0, 166.5741259201737, 99.74989348445644, 314.7338033151271, 276.29597655008826, 287.87844915319886, 134.39406258094212, 378.3406962518287, 51.68665908274536, 310.32213549607286, 225.9239533439633], [49.47198268743659, 348.3313148703459, 149.73881663975584, 169.1129908253741, 118.96839633884385, 167.62547977436918, 258.14768569253977, 196.38790196413717, 226.46100561955916, 254.33112340148338, 77.74868311636756, 159.1722547903471, 391.117810355485, 96.76726864136687, 394.7677806905292, 145.02085100527833, 160.11556128862213, 229.6722233075545, 100.56055904873037, 338.72266934274256, 166.5741259201737, 0.0, 225.011567659454, 350.3238954447087, 368.8005279091532, 336.35234278920103, 63.63765689531495, 347.14496516217406, 124.96197743328341, 444.54499087982555, 371.7324742565775], [176.29221532914573, 229.1251928732348, 356.476193848082, 350.4128304326162, 300.1644949662483, 108.20855929464753, 340.3330025729723, 109.09196561467246, 401.79422499896526, 186.90083435119632, 302.41147428728146, 165.5897405642796, 369.64163268030114, 136.3603599162805, 433.78005807830493, 364.9014392314306, 385.10398965914425, 276.2250708192939, 146.44393457463426, 200.23283466919514, 99.74989348445644, 225.011567659454, 0.0, 409.5765076033904, 355.62841974185847, 380.951704147101, 169.80965968493058, 478.08542715387347, 144.6505256417724, 359.3980024110083, 269.53546514519365], [344.4271003837286, 282.0210549733959, 292.34936784236527, 237.98671541152603, 254.7147210110424, 305.3554526228852, 92.4381677158191, 300.5794258816149, 220.4409744874595, 237.0429106806407, 353.1652550421212, 251.83797497517816, 136.8505607090965, 329.82441331007266, 51.072547456813574, 336.36889059954115, 393.50235174223724, 137.03047768643077, 309.4235708719123, 308.8551410501456, 314.7338033151271, 350.3238954447087, 409.5765076033904, 0.0, 121.42520753980992, 33.241045815995015, 380.1875011338528, 142.68787009510956, 289.8850065434518, 252.2636220880654, 259.19706023590385], [346.6401362298535, 176.99550723341574, 359.1829856259695, 308.4995479499364, 305.20351468775607, 267.2015923646151, 156.05974532596076, 251.39155866414177, 310.3365140279597, 168.74282991370896, 396.0594651748457, 228.13385758920208, 23.490841921230192, 316.45675016077286, 105.1261148234133, 400.23702739856066, 454.86936523561644, 142.4992218221711, 297.4744011593638, 208.90085322884664, 276.29597655008826, 368.8005279091532, 355.62841974185847, 121.42520753980992, 0.0, 92.8232138713998, 378.88191129786964, 262.1480111423952, 271.7402693639882, 131.60108522064283, 145.9110591451151], [326.2705224900565, 248.83764070982488, 292.8275269627448, 239.111815917524, 248.9253865731667, 278.44336587582814, 84.76501334535217, 271.86354532643503, 229.4748009974038, 205.31439958015923, 346.24655957481235, 226.709563473579, 110.9607210238853, 307.9610543999579, 58.87831877428278, 336.229644857516, 392.9467007172033, 113.70053144362274, 287.6062857068452, 275.6221587843991, 287.87844915319886, 336.35234278920103, 380.951704147101, 33.241045815995015, 92.8232138713998, 0.0, 361.5625281487922, 169.37850879572025, 266.4929637534224, 224.42380471826928, 226.63023481151637], [36.05030930099585, 327.50379845639395, 212.52597977653735, 226.64985930158295, 174.39092705386125, 138.78547476723358, 290.6453644442991, 167.660414972509, 283.91105647767876, 241.13317082563796, 139.42176996201508, 153.01196115720154, 399.70349810878935, 67.02837843659216, 420.4153104762911, 208.42040724508578, 218.80968954731068, 249.07993823579156, 82.86766326296168, 312.07716277459747, 134.39406258094212, 63.63765689531495, 169.80965968493058, 380.1875011338528, 378.88191129786964, 361.5625281487922, 0.0, 396.12834382306306, 110.24555822433743, 436.8779354989011, 356.7248079543145], [361.27664268504964, 404.94135171134013, 233.4606215154004, 186.72814079563034, 229.39168870397097, 370.04905650295126, 145.94629828289757, 376.0800578343888, 139.09932702896785, 337.45834912120597, 318.3173456804248, 312.73690943822106, 279.1358277518773, 366.0231315089041, 182.19687258752498, 274.4081203757993, 328.01289132101135, 213.3091449638394, 347.4269016889886, 426.22979145807165, 378.3406962518287, 347.14496516217406, 478.08542715387347, 142.68787009510956, 262.1480111423952, 169.37850879572025, 396.12834382306306, 0.0, 337.72848587704203, 393.72575754332394, 389.69014678145726], [84.20944648999632, 223.8552230020369, 221.3010693299188, 207.82993526001562, 159.9658347730862, 48.30500210019913, 208.36797776278394, 74.15798271686985, 257.57308451366816, 132.41670918006156, 189.64281794911648, 43.65475467090379, 291.71571718843364, 44.821643277830006, 324.2915745831724, 238.70663394311075, 272.0697327017851, 153.13313042353172, 27.57458272959381, 213.83462766625965, 51.68665908274536, 124.96197743328341, 144.6505256417724, 289.8850065434518, 271.7402693639882, 266.4929637534224, 110.24555822433743, 337.72848587704203, 0.0, 327.23746963541237, 249.45813901580848], [410.8065397339823, 131.68659228307666, 468.6488506859103, 422.3460129359108, 408.23133208934235, 303.20819130386093, 279.5554851143942, 277.9628585078863, 433.10673205047027, 196.0283679159887, 488.33609029816125, 286.7894159516881, 115.89254861