{"name": "tree-2-3_random", "nodes": [{"index": 0, "id": "0", "x": 88.70530941348342, "y": 211.94817333634674}, {"index": 1, "id": "1", "x": 97.70864848817739, "y": 416.89739872853335}, {"index": 2, "id": "2", "x": 330.285738079459, "y": 132.86849934807364}, {"index": 3, "id": "3", "x": 18.127930003426215, "y": 181.60780043759274}, {"index": 4, "id": "4", "x": 108.04510357712796, "y": 27.624008340146922}, {"index": 5, "id": "5", "x": 386.31435374410097, "y": 330.13112369524595}, {"index": 6, "id": "6", "x": 373.91989526934043, "y": 158.85880669601372}, {"index": 7, "id": "7", "x": 342.57818350807116, "y": 369.78010505101867}, {"index": 8, "id": "8", "x": 128.11504232587635, "y": 389.7513974904979}, {"index": 9, "id": "9", "x": 366.5191289104127, "y": 12.468889266648308}, {"index": 10, "id": "10", "x": 65.87200100176209, "y": 218.58391450934516}, {"index": 11, "id": "11", "x": 440.0, "y": 440.00000000000006}, {"index": 12, "id": "12", "x": 232.48526112990533, "y": 414.1009570339081}, {"index": 13, "id": "13", "x": 70.33135052329477, "y": 342.18254510591004}, {"index": 14, "id": "14", "x": 10.0, "y": 10.0}], "edges": [{"source": "0", "target": "1"}, {"source": "0", "target": "2"}, {"source": "1", "target": "3"}, {"source": "1", "target": "4"}, {"source": "2", "target": "5"}, {"source": "2", "target": "6"}, {"source": "3", "target": "7"}, {"source": "3", "target": "8"}, {"source": "4", "target": "9"}, {"source": "4", "target": "10"}, {"source": "5", "target": "11"}, {"source": "5", "target": "12"}, {"source": "6", "target": "13"}, {"source": "6", "target": "14"}], "weight": [[1.0, 1.0, 1.0, 0.25, 0.25, 0.25, 0.25, 0.1111111119389534, 0.1111111119389534, 0.1111111119389534, 0.1111111119389534, 0.1111111119389534, 0.1111111119389534, 0.1111111119389534, 0.1111111119389534], [1.0, 1.0, 0.25, 1.0, 1.0, 0.1111111119389534, 0.1111111119389534, 0.25, 0.25, 0.25, 0.25, 0.0625, 0.0625, 0.0625, 0.0625], [1.0, 0.25, 1.0, 0.1111111119389534, 0.1111111119389534, 1.0, 1.0, 0.0625, 0.0625, 0.0625, 0.0625, 0.25, 0.25, 0.25, 0.25], [0.25, 1.0, 0.1111111119389534, 1.0, 0.25, 0.0625, 0.0625, 1.0, 1.0, 0.1111111119389534, 0.1111111119389534, 0.03999999910593033, 0.03999999910593033, 0.03999999910593033, 0.03999999910593033], [0.25, 1.0, 0.1111111119389534, 0.25, 1.0, 0.0625, 0.0625, 0.1111111119389534, 0.1111111119389534, 1.0, 1.0, 0.03999999910593033, 0.03999999910593033, 0.03999999910593033, 0.03999999910593033], [0.25, 0.1111111119389534, 1.0, 0.0625, 0.0625, 1.0, 0.25, 0.03999999910593033, 0.03999999910593033, 0.03999999910593033, 0.03999999910593033, 1.0, 1.0, 0.1111111119389534, 0.1111111119389534], [0.25, 0.1111111119389534, 1.0, 0.0625, 0.0625, 0.25, 1.0, 0.03999999910593033, 0.03999999910593033, 0.03999999910593033, 0.03999999910593033, 0.1111111119389534, 0.1111111119389534, 1.0, 1.0], [0.1111111119389534, 0.25, 0.0625, 1.0, 0.1111111119389534, 0.03999999910593033, 0.03999999910593033, 1.0, 0.25, 0.0625, 0.0625, 0.02777777798473835, 0.02777777798473835, 0.02777777798473835, 0.02777777798473835], [0.1111111119389534, 0.25, 0.0625, 1.0, 0.1111111119389534, 0.03999999910593033, 0.03999999910593033, 0.25, 1.0, 0.0625, 0.0625, 0.02777777798473835, 0.02777777798473835, 0.02777777798473835, 0.02777777798473835], [0.1111111119389534, 0.25, 0.0625, 0.1111111119389534, 1.0, 0.03999999910593033, 0.03999999910593033, 0.0625, 0.0625, 1.0, 0.25, 0.02777777798473835, 0.02777777798473835, 0.02777777798473835, 0.02777777798473835], [0.1111111119389534, 0.25, 0.0625, 0.1111111119389534, 1.0, 0.03999999910593033, 0.03999999910593033, 0.0625, 0.0625, 0.25, 1.0, 0.02777777798473835, 0.02777777798473835, 0.02777777798473835, 0.02777777798473835], [0.1111111119389534, 0.0625, 0.25, 0.03999999910593033, 0.03999999910593033, 1.0, 0.1111111119389534, 0.02777777798473835, 0.02777777798473835, 0.02777777798473835, 0.02777777798473835, 1.0, 0.25, 0.0625, 0.0625], [0.1111111119389534, 0.0625, 0.25, 0.03999999910593033, 0.03999999910593033, 1.0, 0.1111111119389534, 0.02777777798473835, 0.02777777798473835, 0.02777777798473835, 0.02777777798473835, 0.25, 1.0, 0.0625, 0.0625], [0.1111111119389534, 0.0625, 0.25, 0.03999999910593033, 0.03999999910593033, 0.1111111119389534, 1.0, 0.02777777798473835, 0.02777777798473835, 0.02777777798473835, 0.02777777798473835, 0.0625, 0.0625, 1.0, 0.25], [0.1111111119389534, 0.0625, 0.25, 0.03999999910593033, 0.03999999910593033, 0.1111111119389534, 1.0, 0.02777777798473835, 0.02777777798473835, 0.02777777798473835, 0.02777777798473835, 0.0625, 0.0625, 0.25, 1.0]], "shortestPath": [[0.0, 1.0, 1.0, 2.0, 2.0, 2.0, 2.0, 3.0, 3.0, 3.0, 3.0, 3.0, 3.0, 3.0, 3.0], [1.0, 0.0, 2.0, 1.0, 1.0, 3.0, 3.0, 2.0, 2.0, 2.0, 2.0, 4.0, 4.0, 4.0, 4.0], [1.0, 2.0, 0.0, 3.0, 3.0, 1.0, 1.0, 4.0, 4.0, 4.0, 4.0, 2.0, 2.0, 2.0, 2.0], [2.0, 1.0, 3.0, 0.0, 2.0, 4.0, 4.0, 1.0, 1.0, 3.0, 3.0, 5.0, 5.0, 5.0, 5.0], [2.0, 1.0, 3.0, 2.0, 0.0, 4.0, 4.0, 3.0, 3.0, 1.0, 1.0, 5.0, 5.0, 5.0, 5.0], [2.0, 3.0, 1.0, 4.0, 4.0, 0.0, 2.0, 5.0, 5.0, 5.0, 5.0, 1.0, 1.0, 3.0, 3.0], [2.0, 3.0, 1.0, 4.0, 4.0, 2.0, 0.0, 5.0, 5.0, 5.0, 5.0, 3.0, 3.0, 1.0, 1.0], [3.0, 2.0, 4.0, 1.0, 3.0, 5.0, 5.0, 0.0, 2.0, 4.0, 4.0, 6.0, 6.0, 6.0, 6.0], [3.0, 2.0, 4.0, 1.0, 3.0, 5.0, 5.0, 2.0, 0.0, 4.0, 4.0, 6.0, 6.0, 6.0, 6.0], [3.0, 2.0, 4.0, 3.0, 1.0, 5.0, 5.0, 4.0, 4.0, 0.0, 2.0, 6.0, 6.0, 6.0, 6.0], [3.0, 2.0, 4.0, 3.0, 1.0, 5.0, 5.0, 4.0, 4.0, 2.0, 0.0, 6.0, 6.0, 6.0, 6.0], [3.0, 4.0, 2.0, 5.0, 5.0, 1.0, 3.0, 6.0, 6.0, 6.0, 6.0, 0.0, 2.0, 4.0, 4.0], [3.0, 4.0, 2.0, 5.0, 5.0, 1.0, 3.0, 6.0, 6.0, 6.0, 6.0, 2.0, 0.0, 4.0, 4.0], [3.0, 4.0, 2.0, 5.0, 5.0, 3.0, 1.0, 6.0, 6.0, 6.0, 6.0, 4.0, 4.0, 0.0, 2.0], [3.0, 4.0, 2.0, 5.0, 5.0, 3.0, 1.0, 6.0, 6.0, 6.0, 6.0, 4.0, 4.0, 2.0, 0.0]], "euclideanDistance": [[0.0, 202.85382757386722, 178.76625256194765, 55.733087384267705, 182.81350230456886, 229.95955954574978, 196.90364202569532, 230.0334347416314, 177.8522051117186, 270.39996364732775, 16.55006482777569, 324.8655720356257, 221.70078027261346, 129.4253158259491, 206.5450526004262], [202.85382757386722, 0.0, 320.7940202483128, 238.7285232177014, 385.1868303606388, 210.3391387538725, 314.5585562963141, 169.462769649359, 33.62410567681756, 438.2741212481812, 197.34050175693795, 228.8894904068228, 89.71702884957153, 76.1300615177497, 406.76954751813594], [178.76625256194765, 320.7940202483128, 0.0, 213.21997269468469, 180.8503733912618, 198.6892146632337, 38.78204798626108, 234.52981317719497, 287.548946383054, 121.53181367267015, 195.30092157052047, 312.50444955651415, 285.7437742167052, 269.8138751299723, 245.3363307776141], [55.733087384267705, 238.7285232177014, 213.21997269468469, 0.0, 163.6693135001933, 285.66458566365964, 237.7956251921843, 285.0616440435743, 218.54239919348993, 285.89270883163795, 48.449758085306144, 379.658867855271, 270.645192886864, 162.6164794217475, 169.86531509868448], [182.81350230456886, 385.1868303606388, 180.8503733912618, 163.6693135001933, 0.0, 351.9240100895519, 219.43460612546406, 372.74668980426407, 358.51746216218663, 172.6294786901077, 190.99755056853763, 463.9308952493909, 391.2206203890661, 312.21671595879985, 67.52486243409606], [229.95955954574978, 210.3391387538725, 198.6892146632337, 285.66458566365964, 351.9240100895519, 0.0, 169.64785707595982, 48.84192725946669, 181.63843348831904, 314.55319966765745, 240.0764608065834, 114.41682322446177, 131.82261888108937, 210.57884148108866, 403.7363809708543], [196.90364202569532, 314.5585562963141, 38.78204798626108, 237.7956251921843, 219.43460612546406, 169.64785707595982, 0.0, 209.7131751680751, 280.94328138528886, 144.91372208650583, 213.30877545340158, 281.59894813255937, 269.4868700955251, 271.4717071982819, 283.40627587431464], [230.0334347416314, 169.462769649359, 234.52981317719497, 285.0616440435743, 372.74668980426407, 48.84192725946669, 209.7131751680751, 0.0, 144.05568788963376, 353.8625432198295, 237.2160399016897, 95.01558685478565, 85.37211087557729, 183.18710739986955, 419.12276581020313], [177.8522051117186, 33.62410567681756, 287.548946383054, 218.54239919348993, 358.51746216218663, 181.63843348831904, 280.94328138528886, 144.05568788963376, 0.0, 405.56893669932856, 174.33401082347748, 213.38606800518002, 73.5030929753202, 60.76987768785092, 383.8363217193685], [270.39996364732775, 438.2741212481812, 121.53181367267015, 285.89270883163795, 172.6294786901077, 314.55319966765745, 144.91372208650583, 353.8625432198295, 405.56893669932856, 0.0, 285.6531813482964, 425.79171352673575, 407.2370872689864, 381.1080079759481, 237.2245388917011], [16.55006482777569, 197.34050175693795, 195.30092157052047, 48.449758085306144, 190.99755056853763, 240.0764608065834, 213.30877545340158, 237.2160399016897, 174.33401082347748, 285.6531813482964, 0.0, 331.58870726901466, 222.94814236238471, 122.31759758978227, 209.6829858320129], [324.8655720356257, 228.8894904068228, 312.50444955651415, 379.658867855271, 463.9308952493909, 114.41682322446177, 281.59894813255937, 95.01558685478565, 213.38606800518002, 425.79171352673575, 331.58870726901466, 0.0, 140.4284978315693, 264.31473008438354, 512.6747342127481], [221.70078027261346, 89.71702884957153, 285.7437742167052, 270.645192886864, 391.2206203890661, 131.82261888108937, 269.4868700955251, 85.37211087557729, 73.5030929753202, 407.2370872689864, 222.94814236238471, 140.4284978315693, 0.0, 129.23957982998877, 426.32083163297807], [129.4253158259491, 76.1300615177497, 269.8138751299723, 162.6164794217475, 312.21671595879985, 210.57884148108866, 271.4717071982819, 183.18710739986955, 60.76987768785092, 381.1080079759481, 122.31759758978227, 264.31473008438354, 129.23957982998877, 0.0, 331.0853888345718], [206.5450526004262, 406.76954751813594, 245.3363307776141, 169.86531509868448, 67.52486243409606, 403.7363809708543, 283.40627587431464, 419.12276581020313, 383.8363217193685, 237.2245388917011, 209.6829858320129, 512.6747342127481, 426.32083163297807, 331.0853888345718, 0.0]]}