{"name": "tree-2-3_random", "nodes": [{"index": 0, "id": "0", "x": 222.58129265307562, "y": 21.842643309263572}, {"index": 1, "id": "1", "x": 64.04466345835235, "y": 124.75883924294791}, {"index": 2, "id": "2", "x": 98.58632082724061, "y": 416.55494793890466}, {"index": 3, "id": "3", "x": 262.10921332812137, "y": 192.31304040684208}, {"index": 4, "id": "4", "x": 186.44884182616832, "y": 27.7969172714848}, {"index": 5, "id": "5", "x": 27.186461251313304, "y": 342.2420579805919}, {"index": 6, "id": "6", "x": 192.17204177426473, "y": 172.51591366005331}, {"index": 7, "id": "7", "x": 109.34961064637011, "y": 438.80806610332183}, {"index": 8, "id": "8", "x": 258.67845796656707, "y": 218.05897076806198}, {"index": 9, "id": "9", "x": 31.556488982551862, "y": 350.60540498484323}, {"index": 10, "id": "10", "x": 49.07490449867249, "y": 229.07971869744364}, {"index": 11, "id": "11", "x": 440.0, "y": 440.0}, {"index": 12, "id": "12", "x": 10.0, "y": 50.09943787960659}, {"index": 13, "id": "13", "x": 288.76690827629085, "y": 37.83094889401456}, {"index": 14, "id": "14", "x": 252.6508384716302, "y": 10.0}], "edges": [{"source": "0", "target": "1"}, {"source": "0", "target": "2"}, {"source": "1", "target": "3"}, {"source": "1", "target": "4"}, {"source": "2", "target": "5"}, {"source": "2", "target": "6"}, {"source": "3", "target": "7"}, {"source": "3", "target": "8"}, {"source": "4", "target": "9"}, {"source": "4", "target": "10"}, {"source": "5", "target": "11"}, {"source": "5", "target": "12"}, {"source": "6", "target": "13"}, {"source": "6", "target": "14"}], "weight": [[1.0, 1.0, 1.0, 0.25, 0.25, 0.25, 0.25, 0.1111111119389534, 0.1111111119389534, 0.1111111119389534, 0.1111111119389534, 0.1111111119389534, 0.1111111119389534, 0.1111111119389534, 0.1111111119389534], [1.0, 1.0, 0.25, 1.0, 1.0, 0.1111111119389534, 0.1111111119389534, 0.25, 0.25, 0.25, 0.25, 0.0625, 0.0625, 0.0625, 0.0625], [1.0, 0.25, 1.0, 0.1111111119389534, 0.1111111119389534, 1.0, 1.0, 0.0625, 0.0625, 0.0625, 0.0625, 0.25, 0.25, 0.25, 0.25], [0.25, 1.0, 0.1111111119389534, 1.0, 0.25, 0.0625, 0.0625, 1.0, 1.0, 0.1111111119389534, 0.1111111119389534, 0.03999999910593033, 0.03999999910593033, 0.03999999910593033, 0.03999999910593033], [0.25, 1.0, 0.1111111119389534, 0.25, 1.0, 0.0625, 0.0625, 0.1111111119389534, 0.1111111119389534, 1.0, 1.0, 0.03999999910593033, 0.03999999910593033, 0.03999999910593033, 0.03999999910593033], [0.25, 0.1111111119389534, 1.0, 0.0625, 0.0625, 1.0, 0.25, 0.03999999910593033, 0.03999999910593033, 0.03999999910593033, 0.03999999910593033, 1.0, 1.0, 0.1111111119389534, 0.1111111119389534], [0.25, 0.1111111119389534, 1.0, 0.0625, 0.0625, 0.25, 1.0, 0.03999999910593033, 0.03999999910593033, 0.03999999910593033, 0.03999999910593033, 0.1111111119389534, 0.1111111119389534, 1.0, 1.0], [0.1111111119389534, 0.25, 0.0625, 1.0, 0.1111111119389534, 0.03999999910593033, 0.03999999910593033, 1.0, 0.25, 0.0625, 0.0625, 0.02777777798473835, 0.02777777798473835, 0.02777777798473835, 0.02777777798473835], [0.1111111119389534, 0.25, 0.0625, 1.0, 0.1111111119389534, 0.03999999910593033, 0.03999999910593033, 0.25, 1.0, 0.0625, 0.0625, 0.02777777798473835, 0.02777777798473835, 0.02777777798473835, 0.02777777798473835], [0.1111111119389534, 0.25, 0.0625, 0.1111111119389534, 1.0, 0.03999999910593033, 0.03999999910593033, 0.0625, 0.0625, 1.0, 0.25, 0.02777777798473835, 0.02777777798473835, 0.02777777798473835, 0.02777777798473835], [0.1111111119389534, 0.25, 0.0625, 0.1111111119389534, 1.0, 0.03999999910593033, 0.03999999910593033, 0.0625, 0.0625, 0.25, 1.0, 0.02777777798473835, 0.02777777798473835, 0.02777777798473835, 0.02777777798473835], [0.1111111119389534, 0.0625, 0.25, 0.03999999910593033, 0.03999999910593033, 1.0, 0.1111111119389534, 0.02777777798473835, 0.02777777798473835, 0.02777777798473835, 0.02777777798473835, 1.0, 0.25, 0.0625, 0.0625], [0.1111111119389534, 0.0625, 0.25, 0.03999999910593033, 0.03999999910593033, 1.0, 0.1111111119389534, 0.02777777798473835, 0.02777777798473835, 0.02777777798473835, 0.02777777798473835, 0.25, 1.0, 0.0625, 0.0625], [0.1111111119389534, 0.0625, 0.25, 0.03999999910593033, 0.03999999910593033, 0.1111111119389534, 1.0, 0.02777777798473835, 0.02777777798473835, 0.02777777798473835, 0.02777777798473835, 0.0625, 0.0625, 1.0, 0.25], [0.1111111119389534, 0.0625, 0.25, 0.03999999910593033, 0.03999999910593033, 0.1111111119389534, 1.0, 0.02777777798473835, 0.02777777798473835, 0.02777777798473835, 0.02777777798473835, 0.0625, 0.0625, 0.25, 1.0]], "shortestPath": [[0.0, 1.0, 1.0, 2.0, 2.0, 2.0, 2.0, 3.0, 3.0, 3.0, 3.0, 3.0, 3.0, 3.0, 3.0], [1.0, 0.0, 2.0, 1.0, 1.0, 3.0, 3.0, 2.0, 2.0, 2.0, 2.0, 4.0, 4.0, 4.0, 4.0], [1.0, 2.0, 0.0, 3.0, 3.0, 1.0, 1.0, 4.0, 4.0, 4.0, 4.0, 2.0, 2.0, 2.0, 2.0], [2.0, 1.0, 3.0, 0.0, 2.0, 4.0, 4.0, 1.0, 1.0, 3.0, 3.0, 5.0, 5.0, 5.0, 5.0], [2.0, 1.0, 3.0, 2.0, 0.0, 4.0, 4.0, 3.0, 3.0, 1.0, 1.0, 5.0, 5.0, 5.0, 5.0], [2.0, 3.0, 1.0, 4.0, 4.0, 0.0, 2.0, 5.0, 5.0, 5.0, 5.0, 1.0, 1.0, 3.0, 3.0], [2.0, 3.0, 1.0, 4.0, 4.0, 2.0, 0.0, 5.0, 5.0, 5.0, 5.0, 3.0, 3.0, 1.0, 1.0], [3.0, 2.0, 4.0, 1.0, 3.0, 5.0, 5.0, 0.0, 2.0, 4.0, 4.0, 6.0, 6.0, 6.0, 6.0], [3.0, 2.0, 4.0, 1.0, 3.0, 5.0, 5.0, 2.0, 0.0, 4.0, 4.0, 6.0, 6.0, 6.0, 6.0], [3.0, 2.0, 4.0, 3.0, 1.0, 5.0, 5.0, 4.0, 4.0, 0.0, 2.0, 6.0, 6.0, 6.0, 6.0], [3.0, 2.0, 4.0, 3.0, 1.0, 5.0, 5.0, 4.0, 4.0, 2.0, 0.0, 6.0, 6.0, 6.0, 6.0], [3.0, 4.0, 2.0, 5.0, 5.0, 1.0, 3.0, 6.0, 6.0, 6.0, 6.0, 0.0, 2.0, 4.0, 4.0], [3.0, 4.0, 2.0, 5.0, 5.0, 1.0, 3.0, 6.0, 6.0, 6.0, 6.0, 2.0, 0.0, 4.0, 4.0], [3.0, 4.0, 2.0, 5.0, 5.0, 3.0, 1.0, 6.0, 6.0, 6.0, 6.0, 4.0, 4.0, 0.0, 2.0], [3.0, 4.0, 2.0, 5.0, 5.0, 3.0, 1.0, 6.0, 6.0, 6.0, 6.0, 4.0, 4.0, 2.0, 0.0]], "euclideanDistance": [[0.0, 177.90078532248248, 383.6982470573571, 162.13689935424696, 34.68706078462776, 349.5768275468785, 142.37708860883774, 400.4968317398747, 184.76887894599665, 354.0283324749095, 252.62734278380304, 438.40333596278447, 203.17598811371573, 64.45240448845364, 30.53452189152818], [177.90078532248248, 0.0, 271.99827832106325, 197.86207592047055, 146.66433624923005, 204.26305694308576, 129.23144918942606, 293.7685359222411, 203.67969954722153, 211.24902084227153, 97.57303422970871, 460.5128363661672, 86.0060495123839, 227.67749000981345, 207.9264677917369], [383.6982470573571, 271.99827832106325, 0.0, 258.9998148274811, 369.2599113355982, 96.48123176899907, 242.62323134020943, 22.980894022662103, 238.2510059234864, 88.09465407609302, 179.71971546565726, 324.32128266818717, 349.34867238166515, 394.1004690582661, 403.5606491273062], [162.13689935424696, 197.86207592047055, 258.9998148274811, 0.0, 168.28335286407136, 262.34941575341827, 68.77199147406584, 270.1721412186568, 24.045517421763474, 263.0727083491188, 204.76212841591075, 284.538701086564, 272.79389091077184, 145.1695341518683, 168.9459250686879], [34.68706078462776, 146.66433624923005, 369.2599113355982, 168.28335286407136, 0.0, 327.80349047945526, 134.0291429470166, 387.2958301669738, 188.90523367642214, 332.84476959982936, 227.25906854725363, 450.8336891209835, 168.50833900965017, 97.4214378638567, 64.87206967055552], [349.5768275468785, 204.26305694308576, 96.48123176899907, 262.34941575341827, 327.80349047945526, 0.0, 221.6325866568195, 118.53131436599497, 247.68217092678307, 8.77789552149044, 106.75285480867225, 401.5897405584946, 270.83176508122006, 375.26007134462213, 374.42087652870924], [142.37708860883774, 129.23144918942606, 242.62323134020943, 68.77199147406584, 134.0291429470166, 221.6325866568195, 0.0, 258.621485196143, 75.8261570275393, 224.35176497505583, 145.37848255732817, 341.23687265459523, 206.50798731048312, 154.6469786521972, 160.94236013680887], [400.4968317398747, 293.7685359222411, 22.980894022662103, 270.1721412186568, 387.2958301669738, 118.53131436599497, 258.621485196143, 0.0, 248.5171054500783, 109.99301829560099, 202.31096419038042, 313.39521301980886, 371.8223967571927, 408.1657715859973, 419.4096027898398], [184.76887894599665, 203.67969954722153, 238.2510059234864, 24.045517421763474, 188.90523367642214, 247.68217092678307, 75.8261570275393, 248.5171054500783, 0.0, 247.75927774917835, 198.92563466466774, 267.797690692644, 282.33204893235563, 169.19912915213908, 192.61729154060765], [354.0283324749095, 211.24902084227153, 88.09465407609302, 263.0727083491188, 332.84476959982936, 8.77789552149044, 224.35176497505583, 109.99301829560099, 247.75927774917835, 0.0, 113.67599799291457, 395.86603849333176, 278.83024731595975, 378.422457927621, 378.4925742198093], [252.62734278380304, 97.57303422970871, 179.71971546565726, 204.76212841591075, 227.25906854725363, 106.75285480867225, 145.37848255732817, 202.31096419038042, 198.92563466466774, 113.67599799291457, 0.0, 418.7863774669607, 169.7141510913655, 287.98005819921894, 279.8747943341042], [438.40333596278447, 460.5128363661672, 324.32128266818717, 284.538701086564, 450.8336891209835, 401.5897405584946, 341.23687265459523, 313.39521301980886, 267.797690692644, 395.86603849333176, 418.7863774669607, 0.0, 544.3187773302283, 398.8073487350419, 435.7348248708788], [203.17598811371573, 86.0060495123839, 349.34867238166515, 272.79389091077184, 168.50833900965017, 270.83176508122006, 206.50798731048312, 371.8223967571927, 282.33204893235563, 278.83024731595975, 169.7141510913655, 544.3187773302283, 0.0, 264.4614594980361, 232.96081372420147], [64.45240448845364, 227.67749000981345, 394.1004690582661, 145.1695341518683, 97.4214378638567, 375.26007134462213, 154.6469786521972, 408.1657715859973, 169.19912915213908, 378.422457927621, 287.98005819921894, 398.8073487350419, 264.4614594980361, 0.0, 42.837381879352066], [30.53452189152818, 207.9264677917369, 403.5606491273062, 168.9459250686879, 64.87206967055552, 374.42087652870924, 160.94236013680887, 419.4096027898398, 192.61729154060765, 378.4925742198093, 279.8747943341042, 435.7348248708788, 232.96081372420147, 42.837381879352066, 0.0]]}