{"name": "tree-2-4_random", "nodes": [{"index": 0, "id": "0", "x": 105.3511549587059, "y": 78.4133827398}, {"index": 1, "id": "1", "x": 195.25088854855449, "y": 114.8965318372772}, {"index": 2, "id": "2", "x": 62.27792938020697, "y": 339.9528366762178}, {"index": 3, "id": "3", "x": 155.58153200692482, "y": 324.6207121567788}, {"index": 4, "id": "4", "x": 440.0, "y": 127.83596158201294}, {"index": 5, "id": "5", "x": 130.80304341259983, "y": 204.39133974791824}, {"index": 6, "id": "6", "x": 428.3314310080874, "y": 339.58472791726183}, {"index": 7, "id": "7", "x": 113.08928889334334, "y": 124.22118978427213}, {"index": 8, "id": "8", "x": 126.64625522552643, "y": 257.259094879111}, {"index": 9, "id": "9", "x": 414.6723985105516, "y": 70.9100471862352}, {"index": 10, "id": "10", "x": 198.3340647083113, "y": 129.6729749614356}, {"index": 11, "id": "11", "x": 10.0, "y": 28.88378739729071}, {"index": 12, "id": "12", "x": 201.19854229375923, "y": 350.3165672909514}, {"index": 13, "id": "13", "x": 41.19544328201738, "y": 439.99999999999994}, {"index": 14, "id": "14", "x": 385.4875880854213, "y": 203.2901604554026}, {"index": 15, "id": "15", "x": 244.27864114022603, "y": 269.5966724138087}, {"index": 16, "id": "16", "x": 38.49476850413086, "y": 405.70958710246754}, {"index": 17, "id": "17", "x": 272.41229617203044, "y": 330.3109245488616}, {"index": 18, "id": "18", "x": 118.57409417411012, "y": 127.83886412348636}, {"index": 19, "id": "19", "x": 381.57225068482603, "y": 241.93686055292667}, {"index": 20, "id": "20", "x": 298.8210295193544, "y": 215.57963290162843}, {"index": 21, "id": "21", "x": 389.54882852444416, "y": 251.3211592057933}, {"index": 22, "id": "22", "x": 84.36991407657851, "y": 162.71888194971697}, {"index": 23, "id": "23", "x": 158.47850782463854, "y": 74.371479430216}, {"index": 24, "id": "24", "x": 219.2112418509096, "y": 162.76396450853056}, {"index": 25, "id": "25", "x": 88.34930698384542, "y": 139.4977447656758}, {"index": 26, "id": "26", "x": 73.21716595614437, "y": 257.6773886034274}, {"index": 27, "id": "27", "x": 43.86822008109418, "y": 38.43509885398969}, {"index": 28, "id": "28", "x": 153.4787869484087, "y": 361.1539480898232}, {"index": 29, "id": "29", "x": 235.3761575198137, "y": 10.0}, {"index": 30, "id": "30", "x": 267.5003336891468, "y": 415.3368284208948}], "edges": [{"source": "0", "target": "1"}, {"source": "0", "target": "2"}, {"source": "1", "target": "3"}, {"source": "1", "target": "4"}, {"source": "2", "target": "5"}, {"source": "2", "target": "6"}, {"source": "3", "target": "7"}, {"source": "3", "target": "8"}, {"source": "4", "target": "9"}, {"source": "4", "target": "10"}, {"source": "5", "target": "11"}, {"source": "5", "target": "12"}, {"source": "6", "target": "13"}, {"source": "6", "target": "14"}, {"source": "7", "target": "15"}, {"source": "7", "target": "16"}, {"source": "8", "target": "17"}, {"source": "8", "target": "18"}, {"source": "9", "target": "19"}, {"source": "9", "target": "20"}, {"source": "10", "target": "21"}, {"source": "10", "target": "22"}, {"source": "11", "target": "23"}, {"source": "11", "target": "24"}, {"source": "12", "target": "25"}, {"source": "12", "target": "26"}, {"source": "13", "target": "27"}, {"source": "13", "target": "28"}, {"source": "14", "target": "29"}, {"source": "14", "target": "30"}], "weight": [[1.0, 1.0, 1.0, 0.25, 0.25, 0.25, 0.25, 0.1111111119389534, 0.1111111119389534, 0.1111111119389534, 0.1111111119389534, 0.1111111119389534, 0.1111111119389534, 0.1111111119389534, 0.1111111119389534, 0.0625, 0.0625, 0.0625, 0.0625, 0.0625, 0.0625, 0.0625, 0.0625, 0.0625, 0.0625, 0.0625, 0.0625, 0.0625, 0.0625, 0.0625, 0.0625], [1.0, 1.0, 0.25, 1.0, 1.0, 0.1111111119389534, 0.1111111119389534, 0.25, 0.25, 0.25, 0.25, 0.0625, 0.0625, 0.0625, 0.0625, 0.1111111119389534, 0.1111111119389534, 0.1111111119389534, 0.1111111119389534, 0.1111111119389534, 0.1111111119389534, 0.1111111119389534, 0.1111111119389534, 0.03999999910593033, 0.03999999910593033, 0.03999999910593033, 0.03999999910593033, 0.03999999910593033, 0.03999999910593033, 0.03999999910593033, 0.03999999910593033], [1.0, 0.25, 1.0, 0.1111111119389534, 0.1111111119389534, 1.0, 1.0, 0.0625, 0.0625, 0.0625, 0.0625, 0.25, 0.25, 0.25, 0.25, 0.03999999910593033, 0.03999999910593033, 0.03999999910593033, 0.03999999910593033, 0.03999999910593033, 0.03999999910593033, 0.03999999910593033, 0.03999999910593033, 0.1111111119389534, 0.1111111119389534, 0.1111111119389534, 0.1111111119389534, 0.1111111119389534, 0.1111111119389534, 0.1111111119389534, 0.1111111119389534], [0.25, 1.0, 0.1111111119389534, 1.0, 0.25, 0.0625, 0.0625, 1.0, 1.0, 0.1111111119389534, 0.1111111119389534, 0.03999999910593033, 0.03999999910593033, 0.03999999910593033, 0.03999999910593033, 0.25, 0.25, 0.25, 0.25, 0.0625, 0.0625, 0.0625, 0.0625, 0.02777777798473835, 0.02777777798473835, 0.02777777798473835, 0.02777777798473835, 0.02777777798473835, 0.02777777798473835, 0.02777777798473835, 0.02777777798473835], [0.25, 1.0, 0.1111111119389534, 0.25, 1.0, 0.0625, 0.0625, 0.1111111119389534, 0.1111111119389534, 1.0, 1.0, 0.03999999910593033, 0.03999999910593033, 0.03999999910593033, 0.03999999910593033, 0.0625, 0.0625, 0.0625, 0.0625, 0.25, 0.25, 0.25, 0.25, 0.02777777798473835, 0.02777777798473835, 0.02777777798473835, 0.02777777798473835, 0.02777777798473835, 0.02777777798473835, 0.02777777798473835, 0.02777777798473835], [0.25, 0.1111111119389534, 1.0, 0.0625, 0.0625, 1.0, 0.25, 0.03999999910593033, 0.03999999910593033, 0.03999999910593033, 0.03999999910593033, 1.0, 1.0, 0.1111111119389534, 0.1111111119389534, 0.02777777798473835, 0.02777777798473835, 0.02777777798473835, 0.02777777798473835, 0.02777777798473835, 0.02777777798473835, 0.02777777798473835, 0.02777777798473835, 0.25, 0.25, 0.25, 0.25, 0.0625, 0.0625, 0.0625, 0.0625], [0.25, 0.1111111119389534, 1.0, 0.0625, 0.0625, 0.25, 1.0, 0.03999999910593033, 0.03999999910593033, 0.03999999910593033, 0.03999999910593033, 0.1111111119389534, 0.1111111119389534, 1.0, 1.0, 0.02777777798473835, 0.02777777798473835, 0.02777777798473835, 0.02777777798473835, 0.02777777798473835, 0.02777777798473835, 0.02777777798473835, 0.02777777798473835, 0.0625, 0.0625, 0.0625, 0.0625, 0.25, 0.25, 0.25, 0.25], [0.1111111119389534, 0.25, 0.0625, 1.0, 0.1111111119389534, 0.03999999910593033, 0.03999999910593033, 1.0, 0.25, 0.0625, 0.0625, 0.02777777798473835, 0.02777777798473835, 0.02777777798473835, 0.02777777798473835, 1.0, 1.0, 0.1111111119389534, 0.1111111119389534, 0.03999999910593033, 0.03999999910593033, 0.03999999910593033, 0.03999999910593033, 0.020408162847161293, 0.020408162847161293, 0.020408162847161293, 0.020408162847161293, 0.020408162847161293, 0.020408162847161293, 0.020408162847161293, 0.020408162847161293], [0.1111111119389534, 0.25, 0.0625, 1.0, 0.1111111119389534, 0.03999999910593033, 0.03999999910593033, 0.25, 1.0, 0.0625, 0.0625, 0.02777777798473835, 0.02777777798473835, 0.02777777798473835, 0.02777777798473835, 0.1111111119389534, 0.1111111119389534, 1.0, 1.0, 0.03999999910593033, 0.03999999910593033, 0.03999999910593033, 0.03999999910593033, 0.020408162847161293, 0.020408162847161293, 0.020408162847161293, 0.020408162847161293, 0.020408162847161293, 0.020408162847161293, 0.020408162847161293, 0.020408162847161293], [0.1111111119389534, 0.25, 0.0625, 0.1111111119389534, 1.0, 0.03999999910593033, 0.03999999910593033, 0.0625, 0.0625, 1.0, 0.25, 0.02777777798473835, 0.02777777798473835, 0.02777777798473835, 0.02777777798473835, 0.03999999910593033, 0.03999999910593033, 0.03999999910593033, 0.03999999910593033, 1.0, 1.0, 0.1111111119389534, 0.1111111119389534, 0.020408162847161293, 0.020408162847161293, 0.020408162847161293, 0.020408162847161293, 0.020408162847161293, 0.020408162847161293, 0.020408162847161293, 0.020408162847161293], [0.1111111119389534, 0.25, 0.0625, 0.1111111119389534, 1.0, 0.03999999910593033, 0.03999999910593033, 0.0625, 0.0625, 0.25, 1.0, 0.02777777798473835, 0.02777777798473835, 0.02777777798473835, 0.02777777798473835, 0.03999999910593033, 0.03999999910593033, 0.03999999910593033, 0.03999999910593033, 0.1111111119389534, 0.1111111119389534, 1.0, 1.0, 0.020408162847161293, 0.020408162847161293, 0.020408162847161293, 0.020408162847161293, 0.020408162847161293, 0.020408162847161293, 0.020408162847161293, 0.020408162847161293], [0.1111111119389534, 0.0625, 0.25, 0.03999999910593033, 0.03999999910593033, 1.0, 0.1111111119389534, 0.02777777798473835, 0.02777777798473835, 0.02777777798473835, 0.02777777798473835, 1.0, 0.25, 0.0625, 0.0625, 0.020408162847161293, 0.020408162847161293, 0.020408162847161293, 0.020408162847161293, 0.020408162847161293, 0.020408162847161293, 0.020408162847161293, 0.020408162847161293, 1.0, 1.0, 0.1111111119389534, 0.1111111119389534, 0.03999999910593033, 0.03999999910593033, 0.03999999910593033, 0.03999999910593033], [0.1111111119389534, 0.0625, 0.25, 0.03999999910593033, 0.03999999910593033, 1.0, 0.1111111119389534, 0.02777777798473835, 0.02777777798473835, 0.02777777798473835, 0.02777777798473835, 0.25, 1.0, 0.0625, 0.0625, 0.020408162847161293, 0.020408162847161293, 0.020408162847161293, 0.020408162847161293, 0.020408162847161293, 0.020408162847161293, 0.020408162847161293, 0.020408162847161293, 0.1111111119389534, 0.1111111119389534, 1.0, 1.0, 0.03999999910593033, 0.03999999910593033, 0.03999999910593033, 0.03999999910593033], [0.1111111119389534, 0.0625, 0.25, 0.03999999910593033, 0.03999999910593033, 0.1111111119389534, 1.0, 0.02777777798473835, 0.02777777798473835, 0.02777777798473835, 0.02777777798473835, 0.0625, 0.0625, 1.0, 0.25, 0.020408162847161293, 0.020408162847161293, 0.020408162847161293, 0.020408162847161293, 0.020408162847161293, 0.020408162847161293, 0.020408162847161293, 0.020408162847161293, 0.03999999910593033, 0.03999999910593033, 0.03999999910593033, 0.03999999910593033, 1.0, 1.0, 0.1111111119389534, 0.1111111119389534], [0.1111111119389534, 0.0625, 0.25, 0.03999999910593033, 0.03999999910593033, 0.1111111119389534, 1.0, 0.02777777798473835, 0.02777777798473835, 0.02777777798473835, 0.02777777798473835, 0.0625, 0.0625, 0.25, 1.0, 0.020408162847161293, 0.020408162847161293, 0.020408162847161293, 0.020408162847161293, 0.020408162847161293, 0.020408162847161293, 0.020408162847161293, 0.020408162847161293, 0.03999999910593033, 0.03999999910593033, 0.03999999910593033, 0.03999999910593033, 0.1111111119389534, 0.1111111119389534, 1.0, 1.0], [0.0625, 0.1111111119389534, 0.03999999910593033, 0.25, 0.0625, 0.02777777798473835, 0.02777777798473835, 1.0, 0.1111111119389534, 0.03999999910593033, 0.03999999910593033, 0.020408162847161293, 0.020408162847161293, 0.020408162847161293, 0.020408162847161293, 1.0, 0.25, 0.0625, 0.0625, 0.02777777798473835, 0.02777777798473835, 0.02777777798473835, 0.02777777798473835, 0.015625, 0.015625, 0.015625, 0.015625, 0.015625, 0.015625, 0.015625, 0.015625], [0.0625, 0.1111111119389534, 0.03999999910593033, 0.25, 0.0625, 0.02777777798473835, 0.02777777798473835, 1.0, 0.1111111119389534, 0.03999999910593033, 0.03999999910593033, 0.020408162847161293, 0.020408162847161293, 0.020408162847161293, 0.020408162847161293, 0.25, 1.0, 0.0625, 0.0625, 0.02777777798473835, 0.02777777798473835, 0.02777777798473835, 0.02777777798473835, 0.015625, 0.015625, 0.015625, 0.015625, 0.015625, 0.015625, 0.015625, 0.015625], [0.0625, 0.1111111119389534, 0.03999999910593033, 0.25, 0.0625, 0.02777777798473835, 0.02777777798473835, 0.1111111119389534, 1.0, 0.03999999910593033, 0.03999999910593033, 0.020408162847161293, 0.020408162847161293, 0.020408162847161293, 0.020408162847161293, 0.0625, 0.0625, 1.0, 0.25, 0.02777777798473835, 0.02777777798473835, 0.02777777798473835, 0.02777777798473835, 0.015625, 0.015625, 0.015625, 0.015625, 0.015625, 0.015625, 0.015625, 0.015625], [0.0625, 0.1111111119389534, 0.03999999910593033, 0.25, 0.0625, 0.02777777798473835, 0.02777777798473835, 0.1111111119389534, 1.0, 0.03999999910593033, 0.03999999910593033, 0.020408162847161293, 0.020408162847161293, 0.020408162847161293, 0.020408162847161293, 0.0625, 0.0625, 0.25, 1.0, 0.02777777798473835, 0.02777777798473835, 0.02777777798473835, 0.02777777798473835, 0.015625, 0.015625, 0.015625, 0.015625, 0.015625, 0.015625, 0.015625, 0.015625], [0.0625, 0.1111111119389534, 0.03999999910593033, 0.0625, 0.25, 0.02777777798473835, 0.02777777798473835, 0.03999999910593033, 0.03999999910593033, 1.0, 0.1111111119389534, 0.020408162847161293, 0.020408162847161293, 0.020408162847161293, 0.020408162847161293, 0.02777777798473835, 0.02777777798473835, 0.02777777798473835, 0.02777777798473835, 1.0, 0.25, 0.0625, 0.0625, 0.015625, 0.015625, 0.015625, 0.015625, 0.015625, 0.015625, 0.015625, 0.015625], [0.0625, 0.1111111119389534, 0.03999999910593033, 0.0625, 0.25, 0.02777777798473835, 0.02777777798473835, 0.03999999910593033, 0.03999999910593033, 1.0, 0.1111111119389534, 0.020408162847161293, 0.020408162847161293, 0.020408162847161293, 0.020408162847161293, 0.02777777798473835, 0.02777777798473835, 0.02777777798473835, 0.02777777798473835, 0.25, 1.0, 0.0625, 0.0625, 0.015625, 0.015625, 0.015625, 0.015625, 0.015625, 0.015625, 0.015625, 0.015625], [0.0625, 0.1111111119389534, 0.03999999910593033, 0.0625, 0.25, 0.02777777798473835, 0.02777777798473835, 0.03999999910593033, 0.03999999910593033, 0.1111111119389534, 1.0, 0.020408162847161293, 0.020408162847161293, 0.020408162847161293, 0.020408162847161293, 0.02777777798473835, 0.02777777798473835, 0.02777777798473835, 0.02777777798473835, 0.0625, 0.0625, 1.0, 0.25, 0.015625, 0.015625, 0.015625, 0.015625, 0.015625, 0.015625, 0.015625, 0.015625], [0.0625, 0.1111111119389534, 0.03999999910593033, 0.0625, 0.25, 0.02777777798473835, 0.02777777798473835, 0.03999999910593033, 0.03999999910593033, 0.1111111119389534, 1.0, 0.020408162847161293, 0.020408162847161293, 0.020408162847161293, 0.020408162847161293, 0.02777777798473835, 0.02777777798473835, 0.02777777798473835, 0.02777777798473835, 0.0625, 0.0625, 0.25, 1.0, 0.015625, 0.015625, 0.015625, 0.015625, 0.015625, 0.015625, 0.015625, 0.015625], [0.0625, 0.03999999910593033, 0.1111111119389534, 0.02777777798473835, 0.02777777798473835, 0.25, 0.0625, 0.020408162847161293, 0.020408162847161293, 0.020408162847161293, 0.020408162847161293, 1.0, 0.1111111119389534, 0.03999999910593033, 0.03999999910593033, 0.015625, 0.015625, 0.015625, 0.015625, 0.015625, 0.015625, 0.015625, 0.015625, 1.0, 0.25, 0.0625, 0.0625, 0.02777777798473835, 0.02777777798473835, 0.02777777798473835, 0.02777777798473835], [0.0625, 0.03999999910593033, 0.1111111119389534, 0.02777777798473835, 0.02777777798473835, 0.25, 0.0625, 0.020408162847161293, 0.020408162847161293, 0.020408162847161293, 0.020408162847161293, 1.0, 0.1111111119389534, 0.03999999910593033, 0.03999999910593033, 0.015625, 0.015625, 0.015625, 0.015625, 0.015625, 0.015625, 0.015625, 0.015625, 0.25, 1.0, 0.0625, 0.0625, 0.02777777798473835, 0.02777777798473835, 0.02777777798473835, 0.02777777798473835], [0.0625, 0.03999999910593033, 0.1111111119389534, 0.02777777798473835, 0.02777777798473835, 0.25, 0.0625, 0.020408162847161293, 0.020408162847161293, 0.020408162847161293, 0.020408162847161293, 0.1111111119389534, 1.0, 0.03999999910593033, 0.03999999910593033, 0.015625, 0.015625, 0.015625, 0.015625, 0.015625, 0.015625, 0.015625, 0.015625, 0.0625, 0.0625, 1.0, 0.25, 0.02777777798473835, 0.02777777798473835, 0.02777777798473835, 0.02777777798473835], [0.0625, 0.03999999910593033, 0.1111111119389534, 0.02777777798473835, 0.02777777798473835, 0.25, 0.0625, 0.020408162847161293, 0.020408162847161293, 0.020408162847161293, 0.020408162847161293, 0.1111111119389534, 1.0, 0.03999999910593033, 0.03999999910593033, 0.015625, 0.015625, 0.015625, 0.015625, 0.015625, 0.015625, 0.015625, 0.015625, 0.0625, 0.0625, 0.25, 1.0, 0.02777777798473835, 0.02777777798473835, 0.02777777798473835, 0.02777777798473835], [0.0625, 0.03999999910593033, 0.1111111119389534, 0.02777777798473835, 0.02777777798473835, 0.0625, 0.25, 0.020408162847161293, 0.020408162847161293, 0.020408162847161293, 0.020408162847161293, 0.03999999910593033, 0.03999999910593033, 1.0, 0.1111111119389534, 0.015625, 0.015625, 0.015625, 0.015625, 0.015625, 0.015625, 0.015625, 0.015625, 0.02777777798473835, 0.02777777798473835, 0.02777777798473835, 0.02777777798473835, 1.0, 0.25, 0.0625, 0.0625], [0.0625, 0.03999999910593033, 0.1111111119389534, 0.02777777798473835, 0.02777777798473835, 0.0625, 0.25, 0.020408162847161293, 0.020408162847161293, 0.020408162847161293, 0.020408162847161293, 0.03999999910593033, 0.03999999910593033, 1.0, 0.1111111119389534, 0.015625, 0.015625, 0.015625, 0.015625, 0.015625, 0.015625, 0.015625, 0.015625, 0.02777777798473835, 0.02777777798473835, 0.02777777798473835, 0.02777777798473835, 0.25, 1.0, 0.0625, 0.0625], [0.0625, 0.03999999910593033, 0.1111111119389534, 0.02777777798473835, 0.02777777798473835, 0.0625, 0.25, 0.020408162847161293, 0.020408162847161293, 0.020408162847161293, 0.020408162847161293, 0.03999999910593033, 0.03999999910593033, 0.1111111119389534, 1.0, 0.015625, 0.015625, 0.015625, 0.015625, 0.015625, 0.015625, 0.015625, 0.015625, 0.02777777798473835, 0.02777777798473835, 0.02777777798473835, 0.02777777798473835, 0.0625, 0.0625, 1.0, 0.25], [0.0625, 0.03999999910593033, 0.1111111119389534, 0.02777777798473835, 0.02777777798473835, 0.0625, 0.25, 0.020408162847161293, 0.020408162847161293, 0.020408162847161293, 0.020408162847161293, 0.03999999910593033, 0.03999999910593033, 0.1111111119389534, 1.0, 0.015625, 0.015625, 0.015625, 0.015625, 0.015625, 0.015625, 0.015625, 0.015625, 0.02777777798473835, 0.02777777798473835, 0.02777777798473835, 0.02777777798473835, 0.0625, 0.0625, 0.25, 1.0]], "shortestPath": [[0.0, 1.0, 1.0, 2.0, 2.0, 2.0, 2.0, 3.0, 3.0, 3.0, 3.0, 3.0, 3.0, 3.0, 3.0, 4.0, 4.0, 4.0, 4.0, 4.0, 4.0, 4.0, 4.0, 4.0, 4.0, 4.0, 4.0, 4.0, 4.0, 4.0, 4.0], [1.0, 0.0, 2.0, 1.0, 1.0, 3.0, 3.0, 2.0, 2.0, 2.0, 2.0, 4.0, 4.0, 4.0, 4.0, 3.0, 3.0, 3.0, 3.0, 3.0, 3.0, 3.0, 3.0, 5.0, 5.0, 5.0, 5.0, 5.0, 5.0, 5.0, 5.0], [1.0, 2.0, 0.0, 3.0, 3.0, 1.0, 1.0, 4.0, 4.0, 4.0, 4.0, 2.0, 2.0, 2.0, 2.0, 5.0, 5.0, 5.0, 5.0, 5.0, 5.0, 5.0, 5.0, 3.0, 3.0, 3.0, 3.0, 3.0, 3.0, 3.0, 3.0], [2.0, 1.0, 3.0, 0.0, 2.0, 4.0, 4.0, 1.0, 1.0, 3.0, 3.0, 5.0, 5.0, 5.0, 5.0, 2.0, 2.0, 2.0, 2.0, 4.0, 4.0, 4.0, 4.0, 6.0, 6.0, 6.0, 6.0, 6.0, 6.0, 6.0, 6.0], [2.0, 1.0, 3.0, 2.0, 0.0, 4.0, 4.0, 3.0, 3.0, 1.0, 1.0, 5.0, 5.0, 5.0, 5.0, 4.0, 4.0, 4.0, 4.0, 2.0, 2.0, 2.0, 2.0, 6.0, 6.0, 6.0, 6.0, 6.0, 6.0, 6.0, 6.0], [2.0, 3.0, 1.0, 4.0, 4.0, 0.0, 2.0, 5.0, 5.0, 5.0, 5.0, 1.0, 1.0, 3.0, 3.0, 6.0, 6.0, 6.0, 6.0, 6.0, 6.0, 6.0, 6.0, 2.0, 2.0, 2.0, 2.0, 4.0, 4.0, 4.0, 4.0], [2.0, 3.0, 1.0, 4.0, 4.0, 2.0, 0.0, 5.0, 5.0, 5.0, 5.0, 3.0, 3.0, 1.0, 1.0, 6.0, 6.0, 6.0, 6.0, 6.0, 6.0, 6.0, 6.0, 4.0, 4.0, 4.0, 4.0, 2.0, 2.0, 2.0, 2.0], [3.0, 2.0, 4.0, 1.0, 3.0, 5.0, 5.0, 0.0, 2.0, 4.0, 4.0, 6.0, 6.0, 6.0, 6.0, 1.0, 1.0, 3.0, 3.0, 5.0, 5.0, 5.0, 5.0, 7.0, 7.0, 7.0, 7.0, 7.0, 7.0, 7.0, 7.0], [3.0, 2.0, 4.0, 1.0, 3.0, 5.0, 5.0, 2.0, 0.0, 4.0, 4.0, 6.0, 6.0, 6.0, 6.0, 3.0, 3.0, 1.0, 1.0, 5.0, 5.0, 5.0, 5.0, 7.0, 7.0, 7.0, 7.0, 7.0, 7.0, 7.0, 7.0], [3.0, 2.0, 4.0, 3.0, 1.0, 5.0, 5.0, 4.0, 4.0, 0.0, 2.0, 6.0, 6.0, 6.0, 6.0, 5.0, 5.0, 5.0, 5.0, 1.0, 1.0, 3.0, 3.0, 7.0, 7.0, 7.0, 7.0, 7.0, 7.0, 7.0, 7.0], [3.0, 2.0, 4.0, 3.0, 1.0, 5.0, 5.0, 4.0, 4.0, 2.0, 0.0, 6.0, 6.0, 6.0, 6.0, 5.0, 5.0, 5.0, 5.0, 3.0, 3.0, 1.0, 1.0, 7.0, 7.0, 7.0, 7.0, 7.0, 7.0, 7.0, 7.0], [3.0, 4.0, 2.0, 5.0, 5.0, 1.0, 3.0, 6.0, 6.0, 6.0, 6.0, 0.0, 2.0, 4.0, 4.0, 7.0, 7.0, 7.0, 7.0, 7.0, 7.0, 7.0, 7.0, 1.0, 1.0, 3.0, 3.0, 5.0, 5.0, 5.0, 5.0], [3.0, 4.0, 2.0, 5.0, 5.0, 1.0, 3.0, 6.0, 6.0, 6.0, 6.0, 2.0, 0.0, 4.0, 4.0, 7.0, 7.0, 7.0, 7.0, 7.0, 7.0, 7.0, 7.0, 3.0, 3.0, 1.0, 1.0, 5.0, 5.0, 5.0, 5.0], [3.0, 4.0, 2.0, 5.0, 5.0, 3.0, 1.0, 6.0, 6.0, 6.0, 6.0, 4.0, 4.0, 0.0, 2.0, 7.0, 7.0, 7.0, 7.0, 7.0, 7.0, 7.0, 7.0, 5.0, 5.0, 5.0, 5.0, 1.0, 1.0, 3.0, 3.0], [3.0, 4.0, 2.0, 5.0, 5.0, 3.0, 1.0, 6.0, 6.0, 6.0, 6.0, 4.0, 4.0, 2.0, 0.0, 7.0, 7.0, 7.0, 7.0, 7.0, 7.0, 7.0, 7.0, 5.0, 5.0, 5.0, 5.0, 3.0, 3.0, 1.0, 1.0], [4.0, 3.0, 5.0, 2.0, 4.0, 6.0, 6.0, 1.0, 3.0, 5.0, 5.0, 7.0, 7.0, 7.0, 7.0, 0.0, 2.0, 4.0, 4.0, 6.0, 6.0, 6.0, 6.0, 8.0, 8.0, 8.0, 8.0, 8.0, 8.0, 8.0, 8.0], [4.0, 3.0, 5.0, 2.0, 4.0, 6.0, 6.0, 1.0, 3.0, 5.0, 5.0, 7.0, 7.0, 7.0, 7.0, 2.0, 0.0, 4.0, 4.0, 6.0, 6.0, 6.0, 6.0, 8.0, 8.0, 8.0, 8.0, 8.0, 8.0, 8.0, 8.0], [4.0, 3.0, 5.0, 2.0, 4.0, 6.0, 6.0, 3.0, 1.0, 5.0, 5.0, 7.0, 7.0, 7.0, 7.0, 4.0, 4.0, 0.0, 2.0, 6.0, 6.0, 6.0, 6.0, 8.0, 8.0, 8.0, 8.0, 8.0, 8.0, 8.0, 8.0], [4.0, 3.0, 5.0, 2.0, 4.0, 6.0, 6.0, 3.0, 1.0, 5.0, 5.0, 7.0, 7.0, 7.0, 7.0, 4.0, 4.0, 2.0, 0.0, 6.0, 6.0, 6.0, 6.0, 8.0, 8.0, 8.0, 8.0, 8.0, 8.0, 8.0, 8.0], [4.0, 3.0, 5.0, 4.0, 2.0, 6.0, 6.0, 5.0, 5.0, 1.0, 3.0, 7.0, 7.0, 7.0, 7.0, 6.0, 6.0, 6.0, 6.0, 0.0, 2.0, 4.0, 4.0, 8.0, 8.0, 8.0, 8.0, 8.0, 8.0, 8.0, 8.0], [4.0, 3.0, 5.0, 4.0, 2.0, 6.0, 6.0, 5.0, 5.0, 1.0, 3.0, 7.0, 7.0, 7.0, 7.0, 6.0, 6.0, 6.0, 6.0, 2.0, 0.0, 4.0, 4.0, 8.0, 8.0, 8.0, 8.0, 8.0, 8.0, 8.0, 8.0], [4.0, 3.0, 5.0, 4.0, 2.0, 6.0, 6.0, 5.0, 5.0, 3.0, 1.0, 7.0, 7.0, 7.0, 7.0, 6.0, 6.0, 6.0, 6.0, 4.0, 4.0, 0.0, 2.0, 8.0, 8.0, 8.0, 8.0, 8.0, 8.0, 8.0, 8.0], [4.0, 3.0, 5.0, 4.0, 2.0, 6.0, 6.0, 5.0, 5.0, 3.0, 1.0, 7.0, 7.0, 7.0, 7.0, 6.0, 6.0, 6.0, 6.0, 4.0, 4.0, 2.0, 0.0, 8.0, 8.0, 8.0, 8.0, 8.0, 8.0, 8.0, 8.0], [4.0, 5.0, 3.0, 6.0, 6.0, 2.0, 4.0, 7.0, 7.0, 7.0, 7.0, 1.0, 3.0, 5.0, 5.0, 8.0, 8.0, 8.0, 8.0, 8.0, 8.0, 8.0, 8.0, 0.0, 2.0, 4.0, 4.0, 6.0, 6.0, 6.0, 6.0], [4.0, 5.0, 3.0, 6.0, 6.0, 2.0, 4.0, 7.0, 7.0, 7.0, 7.0, 1.0, 3.0, 5.0, 5.0, 8.0, 8.0, 8.0, 8.0, 8.0, 8.0, 8.0, 8.0, 2.0, 0.0, 4.0, 4.0, 6.0, 6.0, 6.0, 6.0], [4.0, 5.0, 3.0, 6.0, 6.0, 2.0, 4.0, 7.0, 7.0, 7.0, 7.0, 3.0, 1.0, 5.0, 5.0, 8.0, 8.0, 8.0, 8.0, 8.0, 8.0, 8.0, 8.0, 4.0, 4.0, 0.0, 2.0, 6.0, 6.0, 6.0, 6.0], [4.0, 5.0, 3.0, 6.0, 6.0, 2.0, 4.0, 7.0, 7.0, 7.0, 7.0, 3.0, 1.0, 5.0, 5.0, 8.0, 8.0, 8.0, 8.0, 8.0, 8.0, 8.0, 8.0, 4.0, 4.0, 2.0, 0.0, 6.0, 6.0, 6.0, 6.0], [4.0, 5.0, 3.0, 6.0, 6.0, 4.0, 2.0, 7.0, 7.0, 7.0, 7.0, 5.0, 5.0, 1.0, 3.0, 8.0, 8.0, 8.0, 8.0, 8.0, 8.0, 8.0, 8.0, 6.0, 6.0, 6.0, 6.0, 0.0, 2.0, 4.0, 4.0], [4.0, 5.0, 3.0, 6.0, 6.0, 4.0, 2.0, 7.0, 7.0, 7.0, 7.0, 5.0, 5.0, 1.0, 3.0, 8.0, 8.0, 8.0, 8.0, 8.0, 8.0, 8.0, 8.0, 6.0, 6.0, 6.0, 6.0, 2.0, 0.0, 4.0, 4.0], [4.0, 5.0, 3.0, 6.0, 6.0, 4.0, 2.0, 7.0, 7.0, 7.0, 7.0, 5.0, 5.0, 3.0, 1.0, 8.0, 8.0, 8.0, 8.0, 8.0, 8.0, 8.0, 8.0, 6.0, 6.0, 6.0, 6.0, 4.0, 4.0, 0.0, 2.0], [4.0, 5.0, 3.0, 6.0, 6.0, 4.0, 2.0, 7.0, 7.0, 7.0, 7.0, 5.0, 5.0, 3.0, 1.0, 8.0, 8.0, 8.0, 8.0, 8.0, 8.0, 8.0, 8.0, 6.0, 6.0, 6.0, 6.0, 4.0, 4.0, 2.0, 0.0]], "euclideanDistance": [[0.0, 86.6548246611215, 237.2214037138124, 224.87820362497803, 302.04871985025426, 115.02013603764273, 371.21465150610476, 41.57700929481243, 161.19590034472904, 276.25998780459224, 94.85334658841934, 95.98459317192307, 257.9673191591025, 328.6578425644706, 273.9566616390659, 211.34340849477726, 298.9569937007246, 270.330002627488, 45.78517808644355, 286.782381717036, 211.92168843667417, 297.2151176866262, 77.74583727689783, 47.57265406225325, 126.62697849609863, 56.74010978066001, 162.99010247253483, 65.52703842296431, 256.68112802876084, 131.25133917968958, 334.506230894484], [86.6548246611215, 0.0, 233.81567695830304, 191.01991484992232, 218.83160133437488, 98.62604786670813, 289.3956198785341, 73.83142840798621, 141.37624331352816, 199.82760088035508, 13.50868586134994, 182.43947525541495, 210.7727439844553, 321.8474357305322, 187.3745358621667, 145.21481510281228, 295.5274429997592, 204.73967757182535, 69.43415891332987, 201.50279756116367, 129.11883748626738, 212.14202716908503, 107.85679824200875, 48.92371623098984, 47.88664040721024, 97.95417854723894, 167.9363998230641, 151.49976133898565, 223.53883170754872, 100.4878800916928, 276.5297134600396], [237.2214037138124, 233.81567695830304, 0.0, 84.42904097130923, 387.01468176599934, 135.88376444372912, 326.832073682117, 198.34244312262067, 93.70610898752935, 396.2072391252465, 224.00446110546343, 282.29886605993045, 124.38201409681031, 91.50140532584965, 313.43074719367695, 174.27407177779554, 62.567346705117224, 187.81742658996, 196.3877637380797, 298.27527044020053, 238.73847153093462, 302.7811433930728, 159.8497409982038, 252.74353303845294, 211.62046617378743, 180.91528730939305, 74.28315558994719, 270.3647783652257, 83.61064635463805, 333.3119217803925, 195.26063296901063], [224.87820362497803, 191.01991484992232, 84.42904097130923, 0.0, 309.043684380573, 109.85849229795022, 243.89353167188233, 183.33038066411973, 65.59218368915398, 324.15619078322925, 178.60892594962436, 294.8842510173099, 46.773892238610095, 145.2397023235986, 232.22667166264046, 93.25737071854506, 127.26422225032046, 104.43692963388573, 179.19653605101354, 214.91927671696948, 160.8754381315777, 218.95774434573266, 158.24099863138463, 223.99321165381147, 155.60692311043627, 176.22779153452183, 94.85731326408629, 274.8773246004106, 32.751862052180556, 290.4650341483533, 128.75434867043091], [302.04871985025426, 218.83160133437488, 387.01468176599934, 309.043684380573, 0.0, 284.4433245365504, 189.80570039251688, 291.9010858462938, 302.8105638038831, 55.74293766695204, 215.77838017267408, 394.0093325461164, 291.73811047395566, 452.6026545818012, 83.24444608740107, 215.95351184160108, 436.30789739105575, 235.01047099353906, 286.98603208954455, 114.67553286827679, 148.51416740494682, 119.3489346598166, 319.05655166768156, 255.87159067575809, 199.59519565795992, 314.145761343256, 347.4911838532644, 362.62551925060706, 330.2304966236929, 210.95477724286684, 299.8906203319205], [115.02013603764273, 98.62604786670813, 135.88376444372912, 109.85849229795022, 284.4433245365504, 0.0, 291.9086215707128, 73.47631419996577, 47.463072212744926, 280.1989260756655, 90.04286029810743, 190.54836572446195, 144.94286930782783, 225.54189424638375, 227.3979542262658, 116.92322827971549, 198.13874227659812, 169.37401048586688, 69.38059897584695, 226.4076845307317, 150.3491810086982, 234.8092590684402, 55.76631139145973, 118.96503422583565, 87.28646142342615, 69.35561146928615, 70.12926873849692, 167.59266447594862, 141.75902886863048, 197.45428509738417, 224.81550056444746], [371.21465150610476, 289.3956198785341, 326.832073682117, 243.89353167188233, 189.80570039251688, 291.9086215707128, 0.0, 341.14057262297416, 279.256634330683, 240.7784881355591, 278.32956471365355, 465.6598939084325, 203.02358706545365, 357.1484193204515, 127.84369967738837, 175.86611474410128, 353.0624860516697, 139.46006407659388, 335.270607281462, 96.8565870402628, 160.27883644388717, 86.25358991319223, 345.5042280894308, 338.2258861882143, 244.76035308160584, 352.4420558947471, 325.42933291216474, 436.4434365844391, 246.16111298187852, 341.6092709197573, 158.79965392538338], [41.57700929481243, 73.83142840798621, 198.34244312262067, 183.33038066411973, 291.9010858462938, 73.47631419996577, 341.14057262297416, 0.0, 119.6853578006447, 273.46417740753674, 76.26729016032183, 125.51115224964543, 217.11367386361363, 289.8264474261754, 253.29832744411223, 175.07074198429473, 260.5927142809838, 232.93589891324564, 5.8707563385855215, 261.84719955152894, 184.89433731610418, 271.789486430215, 42.95059242727256, 60.274229024960675, 100.83561288222684, 25.97840527030979, 124.63836173360465, 98.56461311948044, 215.10415769683868, 149.57348689695954, 294.78094766633654], [161.19590034472904, 141.37624331352816, 93.70610898752935, 65.59218368915398, 302.8105638038831, 47.463072212744926, 279.256634330683, 119.6853578006447, 0.0, 306.5150559036285, 130.9072942026718, 229.4044951917059, 106.61964729131972, 180.47656962184013, 236.10115891136493, 105.60729693607762, 154.4284031178527, 145.64796152685213, 116.05780608111208, 228.0241539254713, 158.18816872774556, 234.79346428500796, 92.65299900822623, 166.13734670301199, 118.25168574958035, 110.8066701876824, 47.70578300520294, 209.33346941868967, 96.02468879970658, 241.65901876924767, 189.29731255318825], [276.25998780459224, 199.82760088035508, 396.2072391252465, 324.15619078322925, 55.74293766695204, 280.1989260756655, 240.7784881355591, 273.46417740753674, 306.5150559036285, 0.0, 200.19056055130233, 363.2655401060971, 314.42960302553166, 469.3848872268349, 121.31453954453015, 234.02684731812528, 450.1123914214289, 264.64303541986794, 269.2374806683395, 155.89939675997994, 165.7260701849843, 163.02236074160734, 306.1451332948237, 228.76442100093269, 192.91248175137892, 297.7552511866182, 347.6894599702742, 332.3469906197645, 349.09658384202254, 169.11305650638408, 335.10686792086096], [94.85334658841934, 13.50868586134994, 224.00446110546343, 178.60892594962436, 215.77838017267408, 90.04286029810743, 278.32956471365355, 76.26729016032183, 130.9072942026718, 200.19056055130233, 0.0, 190.82329625420408, 197.49717259016452, 311.1738239431552, 179.62167008878666, 131.78199698038964, 285.315445115725, 191.36838593728376, 71.23283356453477, 191.99594098163504, 118.15876620925145, 202.48933752736417, 105.96462829674739, 60.96028033859677, 34.99475530299038, 98.59311991067892, 160.01516288085517, 160.27770893827707, 211.0156615031901, 112.09970086598709, 263.0275154751202], [95.98459317192307, 182.43947525541495, 282.29886605993045, 294.8842510173099, 394.0093325461164, 190.54836572446195, 465.6598939084325, 125.51115224964543, 229.4044951917059, 363.2655401060971, 190.82329625420408, 0.0, 334.5259669135968, 369.01024846796525, 369.8140073474477, 300.2839517741544, 338.2251713154392, 357.32000261746253, 131.30721553807714, 382.656199939198, 307.279426481279, 393.03405529859174, 136.95852681544412, 138.68007448311053, 221.92448765126952, 121.2228274827801, 212.411628172449, 31.424455712221253, 323.80712282765046, 201.93627906979592, 415.32394005751223], [257.9673191591025, 210.7727439844553, 124.38201409681031, 46.773892238610095, 291.73811047395566, 144.94286930782783, 203.02358706545365, 217.11367386361363, 106.61964729131972, 314.42960302553166, 197.49717259016452, 334.5259669135968, 0.0, 163.86517519410728, 210.6911787078275, 81.84727558247931, 153.49753937640347, 66.05645152594094, 212.3484695557574, 188.00425489396736, 148.79456329317054, 190.08241690171567, 197.66748740772042, 249.9045979411498, 168.632153338319, 213.90418433079046, 141.18083669289615, 312.4931742923466, 43.69686858581184, 306.115212352268, 83.01187382974848], [328.6578425644706, 321.8474357305322, 91.50140532584965, 145.2397023235986, 452.6026545818012, 225.54189424638375, 357.1484193204515, 289.8264474261754, 180.47656962184013, 469.3848872268349, 311.1738239431552, 369.01024846796525, 163.86517519410728, 0.0, 373.3374938272802, 236.93640530788795, 30.78521404352485, 228.59722759840156, 287.8059960497301, 351.8294720267926, 305.3769828533754, 353.9155124403255, 251.14838602871433, 343.5912290807478, 294.67275771508486, 272.23104902350224, 165.66824455926755, 359.41687502321554, 122.59905396204607, 422.10809011212905, 203.25914569341694], [273.9566616390659, 187.3745358621667, 313.43074719367695, 232.22667166264046, 83.24444608740107, 227.3979542262658, 127.84369967738837, 253.29832744411223, 236.10115891136493, 121.31453954453015, 179.62167008878666, 369.8140073474477, 210.6911787078275, 373.3374938272802, 0.0, 139.34769218970897, 358.89670489777416, 152.04406860460386, 247.6977045269703, 34.76580656849906, 78.15832939691154, 43.14140338324415, 271.29489664121775, 233.2277212476623, 152.82704487379803, 271.37500382271134, 283.0289549537658, 338.82927104189105, 250.74740026233403, 218.8421936862938, 217.06316807772566], [211.34340849477726, 145.21481510281228, 174.27407177779554, 93.25737071854506, 215.95351184160108, 116.92322827971549, 175.86611474410128, 175.07074198429473, 105.60729693607762, 234.02684731812528, 131.78199698038964, 300.2839517741544, 81.84727558247931, 236.93640530788795, 139.34769218970897, 0.0, 220.45295776500598, 59.865407975971934, 169.39424940187175, 125.05780277261155, 68.62141811260607, 130.73221154378948, 171.85782932590556, 190.7862777502499, 98.20202465781482, 181.49742639704849, 153.1048373244346, 273.53931609035993, 115.27178638392454, 232.4803530941911, 132.0779997573234], [298.9569937007246, 295.5274429997592, 62.567346705117224, 127.26422225032046, 436.30789739105575, 198.13874227659812, 353.0624860516697, 260.5927142809838, 154.4284031178527, 450.1123914214289, 285.315445115725, 338.2251713154392, 153.49753937640347, 30.78521404352485, 358.89670489777416, 220.45295776500598, 0.0, 219.48569228796748, 258.7737378949321, 339.5824384554772, 288.06776857769955, 342.5468454064905, 221.305242096796, 315.310873996714, 270.7685727435126, 242.38742888671985, 136.07067084702808, 328.75332838666276, 110.13687002579631, 395.39342106940836, 204.64974561060177], [270.330002627488, 204.73967757182535, 187.81742658996, 104.43692963388573, 235.01047099353906, 169.37401048586688, 139.46006407659388, 232.93589891324564, 145.64796152685213, 264.64303541986794, 191.36838593728376, 357.32000261746253, 66.05645152594094, 228.59722759840156, 152.04406860460386, 59.865407975971934, 219.48569228796748, 0.0, 227.38922258321944, 125.52077155017352, 105.35925784861742, 126.23905909198922, 225.1398780955442, 250.6427453693917, 157.30138391398538, 237.01145746128878, 189.3605562866555, 331.48550510855887, 109.71957924462785, 288.58576153744394, 76.22622393543126], [45.78517808644355, 69.43415891332987, 196.3877637380797, 179.19653605101354, 286.98603208954455, 69.38059897584695, 335.270607281462, 5.8707563385855215, 116.05780608111208, 269.2374806683395, 71.23283356453477, 131.30721553807714, 212.3484695557574, 287.8059960497301, 247.6977045269703, 169.39424940187175, 258.7737378949321, 227.38922258321944, 0.0, 256.0630978150587, 179.07171857437777, 265.98822203888415, 43.671887015537024, 59.66116826453172, 95.13609429905846, 28.933504481305295, 123.06239944832483, 104.17287482002325, 211.13458146706367, 148.32174107719425, 289.6423306882064], [286.782381717036, 201.50279756116367, 298.27527044020053, 214.91927671696948, 114.67553286827679, 226.4076845307317, 96.8565870402628, 261.84719955152894, 228.0241539254713, 155.89939675997994, 191.99594098163504, 382.656199939198, 188.00425489396736, 351.8294720267926, 34.76580656849906, 125.05780277261155, 339.5824384554772, 125.52077155017352, 256.0630978150587, 0.0, 77.559294152649, 11.01213894357439, 274.66688607987356, 249.33704419401735, 161.35686974089703, 277.39500827066666, 275.67592578179693, 352.26222886483066, 229.91341569111856, 245.21706558419248, 185.63212808918416], [211.92168843667417, 129.11883748626738, 238.73847153093462, 160.8754381315777, 148.51416740494682, 150.3491810086982, 160.27883644388717, 184.89433731610418, 158.18816872774556, 165.7260701849843, 118.15876620925145, 307.279426481279, 148.79456329317054, 305.3769828533754, 78.15832939691154, 68.62141811260607, 288.06776857769955, 105.35925784861742, 179.07171857437777, 77.559294152649, 0.0, 87.09412855748448, 197.2318309099407, 177.9729579533118, 85.36334469448536, 199.87731645125797, 204.9246867658428, 277.40823961903607, 183.89146522612583, 192.5205421556051, 180.96067749385392], [297.2151176866262, 212.14202716908503, 302.7811433930728, 218.95774434573266, 119.3489346598166, 234.8092590684402, 86.25358991319223, 271.789486430215, 234.79346428500796, 163.02236074160734, 202.48933752736417, 393.03405529859174, 190.08241690171567, 353.9155124403255, 43.14140338324415, 130.73221154378948, 342.5468454064905, 126.23905909198922, 265.98822203888415, 11.01213894357439, 87.09412855748448, 0.0, 283.78496113287434, 260.08992347579795, 171.50074232873007, 286.9468827448816, 282.49491121176817, 362.7180079301921, 232.57224361308116, 256.12315981012097, 182.82298184895527], [77.74583727689783, 107.85679824200875, 159.8497409982038, 158.24099863138463, 319.05655166768156, 55.76631139145973, 345.5042280894308, 42.95059242727256, 92.65299900822623, 306.1451332948237, 105.96462829674739, 136.95852681544412, 197.66748740772042, 251.14838602871433, 271.29489664121775, 171.85782932590556, 221.305242096796, 225.1398780955442, 43.671887015537024, 274.66688607987356, 197.2318309099407, 283.78496113287434, 0.0, 103.10536139913287, 120.39346888354339, 21.084915848883583, 85.57119985769512, 116.96695979322196, 188.01702023509714, 191.993142791145, 279.02596112812444], [47.57265406225325, 48.92371623098984, 252.74353303845294, 223.99321165381147, 255.87159067575809, 118.96503422583565, 338.2258861882143, 60.274229024960675, 166.13734670301199, 228.76442100093269, 60.96028033859677, 138.68007448311053, 249.9045979411498, 343.5912290807478, 233.2277212476623, 190.7862777502499, 315.310873996714, 250.6427453693917, 59.66116826453172, 249.33704419401735, 177.9729579533118, 260.08992347579795, 103.10536139913287, 0.0, 95.91286887446853, 85.54703514617, 180.86370936956538, 107.26585764075325, 256.71509941823297, 89.62874405678565, 320.3194612168049], [126.62697849609863, 47.88664040721024, 211.62046617378743, 155.60692311043627, 199.59519565795992, 87.28646142342615, 244.76035308160584, 100.83561288222684, 118.25168574958035, 192.91248175137892, 34.99475530299038, 221.92448765126952, 168.632153338319, 294.67275771508486, 152.82704487379803, 98.20202465781482, 270.7685727435126, 157.30138391398538, 95.13609429905846, 161.35686974089703, 85.36334469448536, 171.50074232873007, 120.39346888354339, 95.91286887446853, 0.0, 118.68158807645996, 155.588746450456, 192.07337962539853, 187.01103045208163, 137.48658827785167, 230.13282232464405], [56.74010978066001, 97.95417854723894, 180.91528730939305, 176.22779153452183, 314.145761343256, 69.35561146928615, 352.4420558947471, 25.97840527030979, 110.8066701876824, 297.7552511866182, 98.59311991067892, 121.2228274827801, 213.90418433079046, 272.23104902350224, 271.37500382271134, 181.49742639704849, 242.38742888671985, 237.01145746128878, 28.933504481305295, 277.39500827066666, 199.87731645125797, 286.9468827448816, 21.084915848883583, 85.54703514617, 118.68158807645996, 0.0, 106.63264063026833, 98.78796977290065, 206.73391966041498, 175.11778032650568, 294.17061326498924], [162.99010247253483, 167.9363998230641, 74.28315558994719, 94.85731326408629, 347.4911838532644, 70.12926873849692, 325.42933291216474, 124.63836173360465, 47.70578300520294, 347.6894599702742, 160.01516288085517, 212.411628172449, 141.18083669289615, 165.66824455926755, 283.0289549537658, 153.1048373244346, 136.07067084702808, 189.3605562866555, 123.06239944832483, 275.67592578179693, 204.9246867658428, 282.49491121176817, 85.57119985769512, 180.86370936956538, 155.588746450456, 106.63264063026833, 0.0, 197.96835981775132, 117.10127650157271, 264.7694782183996, 223.61161308282547], [65.52703842296431, 151.49976133898565, 270.3647783652257, 274.8773246004106, 362.62551925060706, 167.59266447594862, 436.4434365844391, 98.56461311948044, 209.33346941868967, 332.3469906197645, 160.27770893827707, 31.424455712221253, 312.4931742923466, 359.41687502321554, 338.82927104189105, 273.53931609035993, 328.75332838666276, 331.48550510855887, 104.17287482002325, 352.26222886483066, 277.40823961903607, 362.7180079301921, 116.96695979322196, 107.26585764075325, 192.07337962539853, 98.78796977290065, 197.96835981775132, 0.0, 304.9694643928778, 172.87202655432318, 391.9989416669062], [256.68112802876084, 223.53883170754872, 83.61064635463805, 32.751862052180556, 330.2304966236929, 141.75902886863048, 246.16111298187852, 215.10415769683868, 96.02468879970658, 349.09658384202254, 211.0156615031901, 323.80712282765046, 43.69686858581184, 122.59905396204607, 250.74740026233403, 115.27178638392454, 110.13687002579631, 109.71957924462785, 211.13458146706367, 229.91341569111856, 183.89146522612583, 232.57224361308116, 188.01702023509714, 256.71509941823297, 187.01103045208163, 206.73391966041498, 117.10127650157271, 304.9694643928778, 0.0, 322.68426866008355, 112.76477583782943], [131.25133917968958, 100.4878800916928, 333.3119217803925, 290.4650341483533, 210.95477724286684, 197.45428509738417, 341.6092709197573, 149.57348689695954, 241.65901876924767, 169.11305650638408, 112.09970086598709, 201.93627906979592, 306.1