{"name": "tree-2-3_random", "nodes": [{"index": 0, "id": "0", "x": 283.23964543243505, "y": 19.79024989404276}, {"index": 1, "id": "1", "x": 219.6691204026846, "y": 412.23509088044426}, {"index": 2, "id": "2", "x": 219.99879222253043, "y": 388.3191489410288}, {"index": 3, "id": "3", "x": 371.61925489149985, "y": 16.03368867842252}, {"index": 4, "id": "4", "x": 208.40808649127956, "y": 439.7947373172897}, {"index": 5, "id": "5", "x": 440.0, "y": 306.1888088110167}, {"index": 6, "id": "6", "x": 386.06796859399225, "y": 68.9717362588883}, {"index": 7, "id": "7", "x": 318.28291373470574, "y": 105.66645194120805}, {"index": 8, "id": "8", "x": 166.55933815077816, "y": 74.37695108835418}, {"index": 9, "id": "9", "x": 402.0554019556981, "y": 432.74778322466364}, {"index": 10, "id": "10", "x": 149.02427120276627, "y": 440.0}, {"index": 11, "id": "11", "x": 10.0, "y": 131.56052929753776}, {"index": 12, "id": "12", "x": 72.65948764224557, "y": 11.350681420994178}, {"index": 13, "id": "13", "x": 300.8428275041725, "y": 182.60050149499125}, {"index": 14, "id": "14", "x": 276.36049926794374, "y": 10.0}], "edges": [{"source": "0", "target": "1"}, {"source": "0", "target": "2"}, {"source": "1", "target": "3"}, {"source": "1", "target": "4"}, {"source": "2", "target": "5"}, {"source": "2", "target": "6"}, {"source": "3", "target": "7"}, {"source": "3", "target": "8"}, {"source": "4", "target": "9"}, {"source": "4", "target": "10"}, {"source": "5", "target": "11"}, {"source": "5", "target": "12"}, {"source": "6", "target": "13"}, {"source": "6", "target": "14"}], "weight": [[1.0, 1.0, 1.0, 0.25, 0.25, 0.25, 0.25, 0.1111111119389534, 0.1111111119389534, 0.1111111119389534, 0.1111111119389534, 0.1111111119389534, 0.1111111119389534, 0.1111111119389534, 0.1111111119389534], [1.0, 1.0, 0.25, 1.0, 1.0, 0.1111111119389534, 0.1111111119389534, 0.25, 0.25, 0.25, 0.25, 0.0625, 0.0625, 0.0625, 0.0625], [1.0, 0.25, 1.0, 0.1111111119389534, 0.1111111119389534, 1.0, 1.0, 0.0625, 0.0625, 0.0625, 0.0625, 0.25, 0.25, 0.25, 0.25], [0.25, 1.0, 0.1111111119389534, 1.0, 0.25, 0.0625, 0.0625, 1.0, 1.0, 0.1111111119389534, 0.1111111119389534, 0.03999999910593033, 0.03999999910593033, 0.03999999910593033, 0.03999999910593033], [0.25, 1.0, 0.1111111119389534, 0.25, 1.0, 0.0625, 0.0625, 0.1111111119389534, 0.1111111119389534, 1.0, 1.0, 0.03999999910593033, 0.03999999910593033, 0.03999999910593033, 0.03999999910593033], [0.25, 0.1111111119389534, 1.0, 0.0625, 0.0625, 1.0, 0.25, 0.03999999910593033, 0.03999999910593033, 0.03999999910593033, 0.03999999910593033, 1.0, 1.0, 0.1111111119389534, 0.1111111119389534], [0.25, 0.1111111119389534, 1.0, 0.0625, 0.0625, 0.25, 1.0, 0.03999999910593033, 0.03999999910593033, 0.03999999910593033, 0.03999999910593033, 0.1111111119389534, 0.1111111119389534, 1.0, 1.0], [0.1111111119389534, 0.25, 0.0625, 1.0, 0.1111111119389534, 0.03999999910593033, 0.03999999910593033, 1.0, 0.25, 0.0625, 0.0625, 0.02777777798473835, 0.02777777798473835, 0.02777777798473835, 0.02777777798473835], [0.1111111119389534, 0.25, 0.0625, 1.0, 0.1111111119389534, 0.03999999910593033, 0.03999999910593033, 0.25, 1.0, 0.0625, 0.0625, 0.02777777798473835, 0.02777777798473835, 0.02777777798473835, 0.02777777798473835], [0.1111111119389534, 0.25, 0.0625, 0.1111111119389534, 1.0, 0.03999999910593033, 0.03999999910593033, 0.0625, 0.0625, 1.0, 0.25, 0.02777777798473835, 0.02777777798473835, 0.02777777798473835, 0.02777777798473835], [0.1111111119389534, 0.25, 0.0625, 0.1111111119389534, 1.0, 0.03999999910593033, 0.03999999910593033, 0.0625, 0.0625, 0.25, 1.0, 0.02777777798473835, 0.02777777798473835, 0.02777777798473835, 0.02777777798473835], [0.1111111119389534, 0.0625, 0.25, 0.03999999910593033, 0.03999999910593033, 1.0, 0.1111111119389534, 0.02777777798473835, 0.02777777798473835, 0.02777777798473835, 0.02777777798473835, 1.0, 0.25, 0.0625, 0.0625], [0.1111111119389534, 0.0625, 0.25, 0.03999999910593033, 0.03999999910593033, 1.0, 0.1111111119389534, 0.02777777798473835, 0.02777777798473835, 0.02777777798473835, 0.02777777798473835, 0.25, 1.0, 0.0625, 0.0625], [0.1111111119389534, 0.0625, 0.25, 0.03999999910593033, 0.03999999910593033, 0.1111111119389534, 1.0, 0.02777777798473835, 0.02777777798473835, 0.02777777798473835, 0.02777777798473835, 0.0625, 0.0625, 1.0, 0.25], [0.1111111119389534, 0.0625, 0.25, 0.03999999910593033, 0.03999999910593033, 0.1111111119389534, 1.0, 0.02777777798473835, 0.02777777798473835, 0.02777777798473835, 0.02777777798473835, 0.0625, 0.0625, 0.25, 1.0]], "shortestPath": [[0.0, 1.0, 1.0, 2.0, 2.0, 2.0, 2.0, 3.0, 3.0, 3.0, 3.0, 3.0, 3.0, 3.0, 3.0], [1.0, 0.0, 2.0, 1.0, 1.0, 3.0, 3.0, 2.0, 2.0, 2.0, 2.0, 4.0, 4.0, 4.0, 4.0], [1.0, 2.0, 0.0, 3.0, 3.0, 1.0, 1.0, 4.0, 4.0, 4.0, 4.0, 2.0, 2.0, 2.0, 2.0], [2.0, 1.0, 3.0, 0.0, 2.0, 4.0, 4.0, 1.0, 1.0, 3.0, 3.0, 5.0, 5.0, 5.0, 5.0], [2.0, 1.0, 3.0, 2.0, 0.0, 4.0, 4.0, 3.0, 3.0, 1.0, 1.0, 5.0, 5.0, 5.0, 5.0], [2.0, 3.0, 1.0, 4.0, 4.0, 0.0, 2.0, 5.0, 5.0, 5.0, 5.0, 1.0, 1.0, 3.0, 3.0], [2.0, 3.0, 1.0, 4.0, 4.0, 2.0, 0.0, 5.0, 5.0, 5.0, 5.0, 3.0, 3.0, 1.0, 1.0], [3.0, 2.0, 4.0, 1.0, 3.0, 5.0, 5.0, 0.0, 2.0, 4.0, 4.0, 6.0, 6.0, 6.0, 6.0], [3.0, 2.0, 4.0, 1.0, 3.0, 5.0, 5.0, 2.0, 0.0, 4.0, 4.0, 6.0, 6.0, 6.0, 6.0], [3.0, 2.0, 4.0, 3.0, 1.0, 5.0, 5.0, 4.0, 4.0, 0.0, 2.0, 6.0, 6.0, 6.0, 6.0], [3.0, 2.0, 4.0, 3.0, 1.0, 5.0, 5.0, 4.0, 4.0, 2.0, 0.0, 6.0, 6.0, 6.0, 6.0], [3.0, 4.0, 2.0, 5.0, 5.0, 1.0, 3.0, 6.0, 6.0, 6.0, 6.0, 0.0, 2.0, 4.0, 4.0], [3.0, 4.0, 2.0, 5.0, 5.0, 1.0, 3.0, 6.0, 6.0, 6.0, 6.0, 2.0, 0.0, 4.0, 4.0], [3.0, 4.0, 2.0, 5.0, 5.0, 3.0, 1.0, 6.0, 6.0, 6.0, 6.0, 4.0, 4.0, 0.0, 2.0], [3.0, 4.0, 2.0, 5.0, 5.0, 3.0, 1.0, 6.0, 6.0, 6.0, 6.0, 4.0, 4.0, 2.0, 0.0]], "euclideanDistance": [[0.0, 321.5839377805797, 302.4381273935349, 70.03196496150261, 345.0503072765495, 262.92441086883787, 90.61492932443308, 74.83521192823066, 102.39175152381526, 347.20708183629006, 356.3042390578002, 234.46416021229936, 166.84618085337885, 132.50386363256396, 9.614675936406421], [321.5839377805797, 0.0, 19.357911967948336, 342.4824653738477, 24.020697779817397, 194.39812002117256, 307.465698470442, 260.11039092747154, 276.65594410160986, 145.3378665407745, 60.2718423101343, 281.34207589005524, 344.6935676184164, 196.64878786909253, 328.62437590264716], [302.4381273935349, 19.357911967948336, 0.0, 324.33410586269264, 42.659814935988315, 186.4181545366051, 289.9761791828838, 241.63226857539883, 257.5841584779628, 148.5434317870299, 70.0466316332794, 266.1217562046069, 326.6325754027656, 178.3736132408992, 309.42312795606205], [70.03196496150261, 342.4824653738477, 324.33410586269264, 0.0, 366.4980536208285, 240.99311187643266, 44.34551106615778, 83.93693146234165, 169.06427730779973, 338.1234041253174, 385.7372362154957, 301.1590288360065, 236.70259032888092, 145.9895883020672, 75.56977562643573], [345.0503072765495, 24.020697779817397, 42.659814935988315, 366.4980536208285, 0.0, 212.85291670758846, 331.44284038723896, 284.06861305625284, 297.5974083518406, 153.4074363984496, 47.01163871638422, 294.7959329845619, 363.0282853856476, 220.6455131448722, 351.9855736300504], [262.92441086883787, 194.39812002117256, 186.4181545366051, 240.99311187643266, 212.85291670758846, 0.0, 196.67961107533378, 188.74096406028227, 286.45869110235753, 106.74321090093943, 254.53985076646907, 368.5845999175911, 376.17793842451346, 148.79903044461824, 272.4824149720537], [90.61492932443308, 307.465698470442, 289.9761791828838, 44.34551106615778, 331.44284038723896, 196.67961107533378, 0.0, 61.33217487558324, 173.8296096037836, 294.69078608490236, 354.10164994252835, 301.99388110934905, 252.45534809849423, 114.0591042508464, 99.10066109548501], [74.83521192823066, 260.11039092747154, 241.63226857539883, 83.93693146234165, 284.06861305625284, 188.74096406028227, 61.33217487558324, 0.0, 122.752899893489, 272.9011273985106, 301.94911222186454, 244.9510915322799, 208.89471183853362, 63.77820216125971, 84.23982992419806], [102.39175152381526, 276.65594410160986, 257.5841584779628, 169.06427730779973, 297.5974083518406, 286.45869110235753, 173.8296096037836, 122.752899893489, 0.0, 344.7929505518221, 296.2391516091985, 132.29966788919273, 90.1545475127351, 137.74215469633344, 101.3437598767802], [347.20708183629006, 145.3378665407745, 148.5434317870299, 338.1234041253174, 153.4074363984496, 106.74321090093943, 294.69078608490236, 272.9011273985106, 344.7929505518221, 0.0, 200.39869964048654, 394.653072169952, 429.3218822387198, 217.7334406258988, 356.323209627239], [356.3042390578002, 60.2718423101343, 70.0466316332794, 385.7372362154957, 47.01163871638422, 254.53985076646907, 354.10164994252835, 301.94911222186454, 296.2391516091985, 200.39869964048654, 0.0, 272.81762186193885, 352.1514252029626, 240.50763117147773, 362.32228113457927], [234.46416021229936, 281.34207589005524, 266.1217562046069, 301.1590288360065, 294.7959329845619, 368.5845999175911, 301.99388110934905, 244.9510915322799, 132.29966788919273, 394.653072169952, 272.81762186193885, 0.0, 109.20669491062432, 233.92272054987626, 232.68739561422242], [166.84618085337885, 344.6935676184164, 326.6325754027656, 236.70259032888092, 363.0282853856476, 376.17793842451346, 252.45534809849423, 208.89471183853362, 90.1545475127351, 429.3218822387198, 352.1514252029626, 109.20669491062432, 0.0, 227.68689304222917, 161.2641180503723], [132.50386363256396, 196.64878786909253, 178.3736132408992, 145.9895883020672, 220.6455131448722, 148.79903044461824, 114.0591042508464, 63.77820216125971, 137.74215469633344, 217.7334406258988, 240.50763117147773, 233.92272054987626, 227.68689304222917, 0.0, 141.03078654950716], [9.614675936406421, 328.62437590264716, 309.42312795606205, 75.56977562643573, 351.9855736300504, 272.4824149720537, 99.10066109548501, 84.23982992419806, 101.3437598767802, 356.323209627239, 362.32228113457927, 232.68739561422242, 161.2641180503723, 141.03078654950716, 0.0]]}