{"name": "tree-2-4_random", "nodes": [{"index": 0, "id": "0", "x": 401.59338190678477, "y": 319.92458773615874}, {"index": 1, "id": "1", "x": 143.23133214344068, "y": 361.53762142533475}, {"index": 2, "id": "2", "x": 47.29124755171522, "y": 326.0107297289081}, {"index": 3, "id": "3", "x": 357.6724914281729, "y": 252.67070158513314}, {"index": 4, "id": "4", "x": 149.80880143829012, "y": 265.77061201349613}, {"index": 5, "id": "5", "x": 15.387034951626454, "y": 424.89334213037114}, {"index": 6, "id": "6", "x": 10.0, "y": 120.90365113739513}, {"index": 7, "id": "7", "x": 89.82548602625745, "y": 180.76376114155795}, {"index": 8, "id": "8", "x": 222.88948276605765, "y": 346.95372940622156}, {"index": 9, "id": "9", "x": 141.57870872025086, "y": 134.32654317001044}, {"index": 10, "id": "10", "x": 318.69513430784605, "y": 124.36439198842466}, {"index": 11, "id": "11", "x": 290.27529722725234, "y": 187.4079820219858}, {"index": 12, "id": "12", "x": 440.0, "y": 27.35381119018794}, {"index": 13, "id": "13", "x": 430.0105387782833, "y": 123.18893526812012}, {"index": 14, "id": "14", "x": 346.4758461919714, "y": 440.0}, {"index": 15, "id": "15", "x": 263.9142175767587, "y": 117.34755089341725}, {"index": 16, "id": "16", "x": 388.24928970455977, "y": 282.81615247043663}, {"index": 17, "id": "17", "x": 40.43768428589087, "y": 277.40965858151134}, {"index": 18, "id": "18", "x": 239.57081237149987, "y": 347.017834703355}, {"index": 19, "id": "19", "x": 183.57718121290736, "y": 421.1937418921342}, {"index": 20, "id": "20", "x": 158.10942228304998, "y": 270.9339699634054}, {"index": 21, "id": "21", "x": 399.6504236667301, "y": 65.17889617906806}, {"index": 22, "id": "22", "x": 151.76618991957423, "y": 134.3787370090679}, {"index": 23, "id": "23", "x": 436.1630849807329, "y": 67.38676747401462}, {"index": 24, "id": "24", "x": 426.70682178508116, "y": 218.63171442870384}, {"index": 25, "id": "25", "x": 375.7897872102092, "y": 226.83310650540807}, {"index": 26, "id": "26", "x": 368.30103494179974, "y": 319.1948825281664}, {"index": 27, "id": "27", "x": 215.91091716707115, "y": 372.86141585844626}, {"index": 28, "id": "28", "x": 88.39652564711758, "y": 204.61523942555897}, {"index": 29, "id": "29", "x": 300.9148206769843, "y": 10.0}, {"index": 30, "id": "30", "x": 37.121566280770445, "y": 247.89441015380987}], "edges": [{"source": "0", "target": "1"}, {"source": "0", "target": "2"}, {"source": "1", "target": "3"}, {"source": "1", "target": "4"}, {"source": "2", "target": "5"}, {"source": "2", "target": "6"}, {"source": "3", "target": "7"}, {"source": "3", "target": "8"}, {"source": "4", "target": "9"}, {"source": "4", "target": "10"}, {"source": "5", "target": "11"}, {"source": "5", "target": "12"}, {"source": "6", "target": "13"}, {"source": "6", "target": "14"}, {"source": "7", "target": "15"}, {"source": "7", "target": "16"}, {"source": "8", "target": "17"}, {"source": "8", "target": "18"}, {"source": "9", "target": "19"}, {"source": "9", "target": "20"}, {"source": "10", "target": "21"}, {"source": "10", "target": "22"}, {"source": "11", "target": "23"}, {"source": "11", "target": "24"}, {"source": "12", "target": "25"}, {"source": "12", "target": "26"}, {"source": "13", "target": "27"}, {"source": "13", "target": "28"}, {"source": "14", "target": "29"}, {"source": "14", "target": "30"}], "weight": [[1.0, 1.0, 1.0, 0.25, 0.25, 0.25, 0.25, 0.1111111119389534, 0.1111111119389534, 0.1111111119389534, 0.1111111119389534, 0.1111111119389534, 0.1111111119389534, 0.1111111119389534, 0.1111111119389534, 0.0625, 0.0625, 0.0625, 0.0625, 0.0625, 0.0625, 0.0625, 0.0625, 0.0625, 0.0625, 0.0625, 0.0625, 0.0625, 0.0625, 0.0625, 0.0625], [1.0, 1.0, 0.25, 1.0, 1.0, 0.1111111119389534, 0.1111111119389534, 0.25, 0.25, 0.25, 0.25, 0.0625, 0.0625, 0.0625, 0.0625, 0.1111111119389534, 0.1111111119389534, 0.1111111119389534, 0.1111111119389534, 0.1111111119389534, 0.1111111119389534, 0.1111111119389534, 0.1111111119389534, 0.03999999910593033, 0.03999999910593033, 0.03999999910593033, 0.03999999910593033, 0.03999999910593033, 0.03999999910593033, 0.03999999910593033, 0.03999999910593033], [1.0, 0.25, 1.0, 0.1111111119389534, 0.1111111119389534, 1.0, 1.0, 0.0625, 0.0625, 0.0625, 0.0625, 0.25, 0.25, 0.25, 0.25, 0.03999999910593033, 0.03999999910593033, 0.03999999910593033, 0.03999999910593033, 0.03999999910593033, 0.03999999910593033, 0.03999999910593033, 0.03999999910593033, 0.1111111119389534, 0.1111111119389534, 0.1111111119389534, 0.1111111119389534, 0.1111111119389534, 0.1111111119389534, 0.1111111119389534, 0.1111111119389534], [0.25, 1.0, 0.1111111119389534, 1.0, 0.25, 0.0625, 0.0625, 1.0, 1.0, 0.1111111119389534, 0.1111111119389534, 0.03999999910593033, 0.03999999910593033, 0.03999999910593033, 0.03999999910593033, 0.25, 0.25, 0.25, 0.25, 0.0625, 0.0625, 0.0625, 0.0625, 0.02777777798473835, 0.02777777798473835, 0.02777777798473835, 0.02777777798473835, 0.02777777798473835, 0.02777777798473835, 0.02777777798473835, 0.02777777798473835], [0.25, 1.0, 0.1111111119389534, 0.25, 1.0, 0.0625, 0.0625, 0.1111111119389534, 0.1111111119389534, 1.0, 1.0, 0.03999999910593033, 0.03999999910593033, 0.03999999910593033, 0.03999999910593033, 0.0625, 0.0625, 0.0625, 0.0625, 0.25, 0.25, 0.25, 0.25, 0.02777777798473835, 0.02777777798473835, 0.02777777798473835, 0.02777777798473835, 0.02777777798473835, 0.02777777798473835, 0.02777777798473835, 0.02777777798473835], [0.25, 0.1111111119389534, 1.0, 0.0625, 0.0625, 1.0, 0.25, 0.03999999910593033, 0.03999999910593033, 0.03999999910593033, 0.03999999910593033, 1.0, 1.0, 0.1111111119389534, 0.1111111119389534, 0.02777777798473835, 0.02777777798473835, 0.02777777798473835, 0.02777777798473835, 0.02777777798473835, 0.02777777798473835, 0.02777777798473835, 0.02777777798473835, 0.25, 0.25, 0.25, 0.25, 0.0625, 0.0625, 0.0625, 0.0625], [0.25, 0.1111111119389534, 1.0, 0.0625, 0.0625, 0.25, 1.0, 0.03999999910593033, 0.03999999910593033, 0.03999999910593033, 0.03999999910593033, 0.1111111119389534, 0.1111111119389534, 1.0, 1.0, 0.02777777798473835, 0.02777777798473835, 0.02777777798473835, 0.02777777798473835, 0.02777777798473835, 0.02777777798473835, 0.02777777798473835, 0.02777777798473835, 0.0625, 0.0625, 0.0625, 0.0625, 0.25, 0.25, 0.25, 0.25], [0.1111111119389534, 0.25, 0.0625, 1.0, 0.1111111119389534, 0.03999999910593033, 0.03999999910593033, 1.0, 0.25, 0.0625, 0.0625, 0.02777777798473835, 0.02777777798473835, 0.02777777798473835, 0.02777777798473835, 1.0, 1.0, 0.1111111119389534, 0.1111111119389534, 0.03999999910593033, 0.03999999910593033, 0.03999999910593033, 0.03999999910593033, 0.020408162847161293, 0.020408162847161293, 0.020408162847161293, 0.020408162847161293, 0.020408162847161293, 0.020408162847161293, 0.020408162847161293, 0.020408162847161293], [0.1111111119389534, 0.25, 0.0625, 1.0, 0.1111111119389534, 0.03999999910593033, 0.03999999910593033, 0.25, 1.0, 0.0625, 0.0625, 0.02777777798473835, 0.02777777798473835, 0.02777777798473835, 0.02777777798473835, 0.1111111119389534, 0.1111111119389534, 1.0, 1.0, 0.03999999910593033, 0.03999999910593033, 0.03999999910593033, 0.03999999910593033, 0.020408162847161293, 0.020408162847161293, 0.020408162847161293, 0.020408162847161293, 0.020408162847161293, 0.020408162847161293, 0.020408162847161293, 0.020408162847161293], [0.1111111119389534, 0.25, 0.0625, 0.1111111119389534, 1.0, 0.03999999910593033, 0.03999999910593033, 0.0625, 0.0625, 1.0, 0.25, 0.02777777798473835, 0.02777777798473835, 0.02777777798473835, 0.02777777798473835, 0.03999999910593033, 0.03999999910593033, 0.03999999910593033, 0.03999999910593033, 1.0, 1.0, 0.1111111119389534, 0.1111111119389534, 0.020408162847161293, 0.020408162847161293, 0.020408162847161293, 0.020408162847161293, 0.020408162847161293, 0.020408162847161293, 0.020408162847161293, 0.020408162847161293], [0.1111111119389534, 0.25, 0.0625, 0.1111111119389534, 1.0, 0.03999999910593033, 0.03999999910593033, 0.0625, 0.0625, 0.25, 1.0, 0.02777777798473835, 0.02777777798473835, 0.02777777798473835, 0.02777777798473835, 0.03999999910593033, 0.03999999910593033, 0.03999999910593033, 0.03999999910593033, 0.1111111119389534, 0.1111111119389534, 1.0, 1.0, 0.020408162847161293, 0.020408162847161293, 0.020408162847161293, 0.020408162847161293, 0.020408162847161293, 0.020408162847161293, 0.020408162847161293, 0.020408162847161293], [0.1111111119389534, 0.0625, 0.25, 0.03999999910593033, 0.03999999910593033, 1.0, 0.1111111119389534, 0.02777777798473835, 0.02777777798473835, 0.02777777798473835, 0.02777777798473835, 1.0, 0.25, 0.0625, 0.0625, 0.020408162847161293, 0.020408162847161293, 0.020408162847161293, 0.020408162847161293, 0.020408162847161293, 0.020408162847161293, 0.020408162847161293, 0.020408162847161293, 1.0, 1.0, 0.1111111119389534, 0.1111111119389534, 0.03999999910593033, 0.03999999910593033, 0.03999999910593033, 0.03999999910593033], [0.1111111119389534, 0.0625, 0.25, 0.03999999910593033, 0.03999999910593033, 1.0, 0.1111111119389534, 0.02777777798473835, 0.02777777798473835, 0.02777777798473835, 0.02777777798473835, 0.25, 1.0, 0.0625, 0.0625, 0.020408162847161293, 0.020408162847161293, 0.020408162847161293, 0.020408162847161293, 0.020408162847161293, 0.020408162847161293, 0.020408162847161293, 0.020408162847161293, 0.1111111119389534, 0.1111111119389534, 1.0, 1.0, 0.03999999910593033, 0.03999999910593033, 0.03999999910593033, 0.03999999910593033], [0.1111111119389534, 0.0625, 0.25, 0.03999999910593033, 0.03999999910593033, 0.1111111119389534, 1.0, 0.02777777798473835, 0.02777777798473835, 0.02777777798473835, 0.02777777798473835, 0.0625, 0.0625, 1.0, 0.25, 0.020408162847161293, 0.020408162847161293, 0.020408162847161293, 0.020408162847161293, 0.020408162847161293, 0.020408162847161293, 0.020408162847161293, 0.020408162847161293, 0.03999999910593033, 0.03999999910593033, 0.03999999910593033, 0.03999999910593033, 1.0, 1.0, 0.1111111119389534, 0.1111111119389534], [0.1111111119389534, 0.0625, 0.25, 0.03999999910593033, 0.03999999910593033, 0.1111111119389534, 1.0, 0.02777777798473835, 0.02777777798473835, 0.02777777798473835, 0.02777777798473835, 0.0625, 0.0625, 0.25, 1.0, 0.020408162847161293, 0.020408162847161293, 0.020408162847161293, 0.020408162847161293, 0.020408162847161293, 0.020408162847161293, 0.020408162847161293, 0.020408162847161293, 0.03999999910593033, 0.03999999910593033, 0.03999999910593033, 0.03999999910593033, 0.1111111119389534, 0.1111111119389534, 1.0, 1.0], [0.0625, 0.1111111119389534, 0.03999999910593033, 0.25, 0.0625, 0.02777777798473835, 0.02777777798473835, 1.0, 0.1111111119389534, 0.03999999910593033, 0.03999999910593033, 0.020408162847161293, 0.020408162847161293, 0.020408162847161293, 0.020408162847161293, 1.0, 0.25, 0.0625, 0.0625, 0.02777777798473835, 0.02777777798473835, 0.02777777798473835, 0.02777777798473835, 0.015625, 0.015625, 0.015625, 0.015625, 0.015625, 0.015625, 0.015625, 0.015625], [0.0625, 0.1111111119389534, 0.03999999910593033, 0.25, 0.0625, 0.02777777798473835, 0.02777777798473835, 1.0, 0.1111111119389534, 0.03999999910593033, 0.03999999910593033, 0.020408162847161293, 0.020408162847161293, 0.020408162847161293, 0.020408162847161293, 0.25, 1.0, 0.0625, 0.0625, 0.02777777798473835, 0.02777777798473835, 0.02777777798473835, 0.02777777798473835, 0.015625, 0.015625, 0.015625, 0.015625, 0.015625, 0.015625, 0.015625, 0.015625], [0.0625, 0.1111111119389534, 0.03999999910593033, 0.25, 0.0625, 0.02777777798473835, 0.02777777798473835, 0.1111111119389534, 1.0, 0.03999999910593033, 0.03999999910593033, 0.020408162847161293, 0.020408162847161293, 0.020408162847161293, 0.020408162847161293, 0.0625, 0.0625, 1.0, 0.25, 0.02777777798473835, 0.02777777798473835, 0.02777777798473835, 0.02777777798473835, 0.015625, 0.015625, 0.015625, 0.015625, 0.015625, 0.015625, 0.015625, 0.015625], [0.0625, 0.1111111119389534, 0.03999999910593033, 0.25, 0.0625, 0.02777777798473835, 0.02777777798473835, 0.1111111119389534, 1.0, 0.03999999910593033, 0.03999999910593033, 0.020408162847161293, 0.020408162847161293, 0.020408162847161293, 0.020408162847161293, 0.0625, 0.0625, 0.25, 1.0, 0.02777777798473835, 0.02777777798473835, 0.02777777798473835, 0.02777777798473835, 0.015625, 0.015625, 0.015625, 0.015625, 0.015625, 0.015625, 0.015625, 0.015625], [0.0625, 0.1111111119389534, 0.03999999910593033, 0.0625, 0.25, 0.02777777798473835, 0.02777777798473835, 0.03999999910593033, 0.03999999910593033, 1.0, 0.1111111119389534, 0.020408162847161293, 0.020408162847161293, 0.020408162847161293, 0.020408162847161293, 0.02777777798473835, 0.02777777798473835, 0.02777777798473835, 0.02777777798473835, 1.0, 0.25, 0.0625, 0.0625, 0.015625, 0.015625, 0.015625, 0.015625, 0.015625, 0.015625, 0.015625, 0.015625], [0.0625, 0.1111111119389534, 0.03999999910593033, 0.0625, 0.25, 0.02777777798473835, 0.02777777798473835, 0.03999999910593033, 0.03999999910593033, 1.0, 0.1111111119389534, 0.020408162847161293, 0.020408162847161293, 0.020408162847161293, 0.020408162847161293, 0.02777777798473835, 0.02777777798473835, 0.02777777798473835, 0.02777777798473835, 0.25, 1.0, 0.0625, 0.0625, 0.015625, 0.015625, 0.015625, 0.015625, 0.015625, 0.015625, 0.015625, 0.015625], [0.0625, 0.1111111119389534, 0.03999999910593033, 0.0625, 0.25, 0.02777777798473835, 0.02777777798473835, 0.03999999910593033, 0.03999999910593033, 0.1111111119389534, 1.0, 0.020408162847161293, 0.020408162847161293, 0.020408162847161293, 0.020408162847161293, 0.02777777798473835, 0.02777777798473835, 0.02777777798473835, 0.02777777798473835, 0.0625, 0.0625, 1.0, 0.25, 0.015625, 0.015625, 0.015625, 0.015625, 0.015625, 0.015625, 0.015625, 0.015625], [0.0625, 0.1111111119389534, 0.03999999910593033, 0.0625, 0.25, 0.02777777798473835, 0.02777777798473835, 0.03999999910593033, 0.03999999910593033, 0.1111111119389534, 1.0, 0.020408162847161293, 0.020408162847161293, 0.020408162847161293, 0.020408162847161293, 0.02777777798473835, 0.02777777798473835, 0.02777777798473835, 0.02777777798473835, 0.0625, 0.0625, 0.25, 1.0, 0.015625, 0.015625, 0.015625, 0.015625, 0.015625, 0.015625, 0.015625, 0.015625], [0.0625, 0.03999999910593033, 0.1111111119389534, 0.02777777798473835, 0.02777777798473835, 0.25, 0.0625, 0.020408162847161293, 0.020408162847161293, 0.020408162847161293, 0.020408162847161293, 1.0, 0.1111111119389534, 0.03999999910593033, 0.03999999910593033, 0.015625, 0.015625, 0.015625, 0.015625, 0.015625, 0.015625, 0.015625, 0.015625, 1.0, 0.25, 0.0625, 0.0625, 0.02777777798473835, 0.02777777798473835, 0.02777777798473835, 0.02777777798473835], [0.0625, 0.03999999910593033, 0.1111111119389534, 0.02777777798473835, 0.02777777798473835, 0.25, 0.0625, 0.020408162847161293, 0.020408162847161293, 0.020408162847161293, 0.020408162847161293, 1.0, 0.1111111119389534, 0.03999999910593033, 0.03999999910593033, 0.015625, 0.015625, 0.015625, 0.015625, 0.015625, 0.015625, 0.015625, 0.015625, 0.25, 1.0, 0.0625, 0.0625, 0.02777777798473835, 0.02777777798473835, 0.02777777798473835, 0.02777777798473835], [0.0625, 0.03999999910593033, 0.1111111119389534, 0.02777777798473835, 0.02777777798473835, 0.25, 0.0625, 0.020408162847161293, 0.020408162847161293, 0.020408162847161293, 0.020408162847161293, 0.1111111119389534, 1.0, 0.03999999910593033, 0.03999999910593033, 0.015625, 0.015625, 0.015625, 0.015625, 0.015625, 0.015625, 0.015625, 0.015625, 0.0625, 0.0625, 1.0, 0.25, 0.02777777798473835, 0.02777777798473835, 0.02777777798473835, 0.02777777798473835], [0.0625, 0.03999999910593033, 0.1111111119389534, 0.02777777798473835, 0.02777777798473835, 0.25, 0.0625, 0.020408162847161293, 0.020408162847161293, 0.020408162847161293, 0.020408162847161293, 0.1111111119389534, 1.0, 0.03999999910593033, 0.03999999910593033, 0.015625, 0.015625, 0.015625, 0.015625, 0.015625, 0.015625, 0.015625, 0.015625, 0.0625, 0.0625, 0.25, 1.0, 0.02777777798473835, 0.02777777798473835, 0.02777777798473835, 0.02777777798473835], [0.0625, 0.03999999910593033, 0.1111111119389534, 0.02777777798473835, 0.02777777798473835, 0.0625, 0.25, 0.020408162847161293, 0.020408162847161293, 0.020408162847161293, 0.020408162847161293, 0.03999999910593033, 0.03999999910593033, 1.0, 0.1111111119389534, 0.015625, 0.015625, 0.015625, 0.015625, 0.015625, 0.015625, 0.015625, 0.015625, 0.02777777798473835, 0.02777777798473835, 0.02777777798473835, 0.02777777798473835, 1.0, 0.25, 0.0625, 0.0625], [0.0625, 0.03999999910593033, 0.1111111119389534, 0.02777777798473835, 0.02777777798473835, 0.0625, 0.25, 0.020408162847161293, 0.020408162847161293, 0.020408162847161293, 0.020408162847161293, 0.03999999910593033, 0.03999999910593033, 1.0, 0.1111111119389534, 0.015625, 0.015625, 0.015625, 0.015625, 0.015625, 0.015625, 0.015625, 0.015625, 0.02777777798473835, 0.02777777798473835, 0.02777777798473835, 0.02777777798473835, 0.25, 1.0, 0.0625, 0.0625], [0.0625, 0.03999999910593033, 0.1111111119389534, 0.02777777798473835, 0.02777777798473835, 0.0625, 0.25, 0.020408162847161293, 0.020408162847161293, 0.020408162847161293, 0.020408162847161293, 0.03999999910593033, 0.03999999910593033, 0.1111111119389534, 1.0, 0.015625, 0.015625, 0.015625, 0.015625, 0.015625, 0.015625, 0.015625, 0.015625, 0.02777777798473835, 0.02777777798473835, 0.02777777798473835, 0.02777777798473835, 0.0625, 0.0625, 1.0, 0.25], [0.0625, 0.03999999910593033, 0.1111111119389534, 0.02777777798473835, 0.02777777798473835, 0.0625, 0.25, 0.020408162847161293, 0.020408162847161293, 0.020408162847161293, 0.020408162847161293, 0.03999999910593033, 0.03999999910593033, 0.1111111119389534, 1.0, 0.015625, 0.015625, 0.015625, 0.015625, 0.015625, 0.015625, 0.015625, 0.015625, 0.02777777798473835, 0.02777777798473835, 0.02777777798473835, 0.02777777798473835, 0.0625, 0.0625, 0.25, 1.0]], "shortestPath": [[0.0, 1.0, 1.0, 2.0, 2.0, 2.0, 2.0, 3.0, 3.0, 3.0, 3.0, 3.0, 3.0, 3.0, 3.0, 4.0, 4.0, 4.0, 4.0, 4.0, 4.0, 4.0, 4.0, 4.0, 4.0, 4.0, 4.0, 4.0, 4.0, 4.0, 4.0], [1.0, 0.0, 2.0, 1.0, 1.0, 3.0, 3.0, 2.0, 2.0, 2.0, 2.0, 4.0, 4.0, 4.0, 4.0, 3.0, 3.0, 3.0, 3.0, 3.0, 3.0, 3.0, 3.0, 5.0, 5.0, 5.0, 5.0, 5.0, 5.0, 5.0, 5.0], [1.0, 2.0, 0.0, 3.0, 3.0, 1.0, 1.0, 4.0, 4.0, 4.0, 4.0, 2.0, 2.0, 2.0, 2.0, 5.0, 5.0, 5.0, 5.0, 5.0, 5.0, 5.0, 5.0, 3.0, 3.0, 3.0, 3.0, 3.0, 3.0, 3.0, 3.0], [2.0, 1.0, 3.0, 0.0, 2.0, 4.0, 4.0, 1.0, 1.0, 3.0, 3.0, 5.0, 5.0, 5.0, 5.0, 2.0, 2.0, 2.0, 2.0, 4.0, 4.0, 4.0, 4.0, 6.0, 6.0, 6.0, 6.0, 6.0, 6.0, 6.0, 6.0], [2.0, 1.0, 3.0, 2.0, 0.0, 4.0, 4.0, 3.0, 3.0, 1.0, 1.0, 5.0, 5.0, 5.0, 5.0, 4.0, 4.0, 4.0, 4.0, 2.0, 2.0, 2.0, 2.0, 6.0, 6.0, 6.0, 6.0, 6.0, 6.0, 6.0, 6.0], [2.0, 3.0, 1.0, 4.0, 4.0, 0.0, 2.0, 5.0, 5.0, 5.0, 5.0, 1.0, 1.0, 3.0, 3.0, 6.0, 6.0, 6.0, 6.0, 6.0, 6.0, 6.0, 6.0, 2.0, 2.0, 2.0, 2.0, 4.0, 4.0, 4.0, 4.0], [2.0, 3.0, 1.0, 4.0, 4.0, 2.0, 0.0, 5.0, 5.0, 5.0, 5.0, 3.0, 3.0, 1.0, 1.0, 6.0, 6.0, 6.0, 6.0, 6.0, 6.0, 6.0, 6.0, 4.0, 4.0, 4.0, 4.0, 2.0, 2.0, 2.0, 2.0], [3.0, 2.0, 4.0, 1.0, 3.0, 5.0, 5.0, 0.0, 2.0, 4.0, 4.0, 6.0, 6.0, 6.0, 6.0, 1.0, 1.0, 3.0, 3.0, 5.0, 5.0, 5.0, 5.0, 7.0, 7.0, 7.0, 7.0, 7.0, 7.0, 7.0, 7.0], [3.0, 2.0, 4.0, 1.0, 3.0, 5.0, 5.0, 2.0, 0.0, 4.0, 4.0, 6.0, 6.0, 6.0, 6.0, 3.0, 3.0, 1.0, 1.0, 5.0, 5.0, 5.0, 5.0, 7.0, 7.0, 7.0, 7.0, 7.0, 7.0, 7.0, 7.0], [3.0, 2.0, 4.0, 3.0, 1.0, 5.0, 5.0, 4.0, 4.0, 0.0, 2.0, 6.0, 6.0, 6.0, 6.0, 5.0, 5.0, 5.0, 5.0, 1.0, 1.0, 3.0, 3.0, 7.0, 7.0, 7.0, 7.0, 7.0, 7.0, 7.0, 7.0], [3.0, 2.0, 4.0, 3.0, 1.0, 5.0, 5.0, 4.0, 4.0, 2.0, 0.0, 6.0, 6.0, 6.0, 6.0, 5.0, 5.0, 5.0, 5.0, 3.0, 3.0, 1.0, 1.0, 7.0, 7.0, 7.0, 7.0, 7.0, 7.0, 7.0, 7.0], [3.0, 4.0, 2.0, 5.0, 5.0, 1.0, 3.0, 6.0, 6.0, 6.0, 6.0, 0.0, 2.0, 4.0, 4.0, 7.0, 7.0, 7.0, 7.0, 7.0, 7.0, 7.0, 7.0, 1.0, 1.0, 3.0, 3.0, 5.0, 5.0, 5.0, 5.0], [3.0, 4.0, 2.0, 5.0, 5.0, 1.0, 3.0, 6.0, 6.0, 6.0, 6.0, 2.0, 0.0, 4.0, 4.0, 7.0, 7.0, 7.0, 7.0, 7.0, 7.0, 7.0, 7.0, 3.0, 3.0, 1.0, 1.0, 5.0, 5.0, 5.0, 5.0], [3.0, 4.0, 2.0, 5.0, 5.0, 3.0, 1.0, 6.0, 6.0, 6.0, 6.0, 4.0, 4.0, 0.0, 2.0, 7.0, 7.0, 7.0, 7.0, 7.0, 7.0, 7.0, 7.0, 5.0, 5.0, 5.0, 5.0, 1.0, 1.0, 3.0, 3.0], [3.0, 4.0, 2.0, 5.0, 5.0, 3.0, 1.0, 6.0, 6.0, 6.0, 6.0, 4.0, 4.0, 2.0, 0.0, 7.0, 7.0, 7.0, 7.0, 7.0, 7.0, 7.0, 7.0, 5.0, 5.0, 5.0, 5.0, 3.0, 3.0, 1.0, 1.0], [4.0, 3.0, 5.0, 2.0, 4.0, 6.0, 6.0, 1.0, 3.0, 5.0, 5.0, 7.0, 7.0, 7.0, 7.0, 0.0, 2.0, 4.0, 4.0, 6.0, 6.0, 6.0, 6.0, 8.0, 8.0, 8.0, 8.0, 8.0, 8.0, 8.0, 8.0], [4.0, 3.0, 5.0, 2.0, 4.0, 6.0, 6.0, 1.0, 3.0, 5.0, 5.0, 7.0, 7.0, 7.0, 7.0, 2.0, 0.0, 4.0, 4.0, 6.0, 6.0, 6.0, 6.0, 8.0, 8.0, 8.0, 8.0, 8.0, 8.0, 8.0, 8.0], [4.0, 3.0, 5.0, 2.0, 4.0, 6.0, 6.0, 3.0, 1.0, 5.0, 5.0, 7.0, 7.0, 7.0, 7.0, 4.0, 4.0, 0.0, 2.0, 6.0, 6.0, 6.0, 6.0, 8.0, 8.0, 8.0, 8.0, 8.0, 8.0, 8.0, 8.0], [4.0, 3.0, 5.0, 2.0, 4.0, 6.0, 6.0, 3.0, 1.0, 5.0, 5.0, 7.0, 7.0, 7.0, 7.0, 4.0, 4.0, 2.0, 0.0, 6.0, 6.0, 6.0, 6.0, 8.0, 8.0, 8.0, 8.0, 8.0, 8.0, 8.0, 8.0], [4.0, 3.0, 5.0, 4.0, 2.0, 6.0, 6.0, 5.0, 5.0, 1.0, 3.0, 7.0, 7.0, 7.0, 7.0, 6.0, 6.0, 6.0, 6.0, 0.0, 2.0, 4.0, 4.0, 8.0, 8.0, 8.0, 8.0, 8.0, 8.0, 8.0, 8.0], [4.0, 3.0, 5.0, 4.0, 2.0, 6.0, 6.0, 5.0, 5.0, 1.0, 3.0, 7.0, 7.0, 7.0, 7.0, 6.0, 6.0, 6.0, 6.0, 2.0, 0.0, 4.0, 4.0, 8.0, 8.0, 8.0, 8.0, 8.0, 8.0, 8.0, 8.0], [4.0, 3.0, 5.0, 4.0, 2.0, 6.0, 6.0, 5.0, 5.0, 3.0, 1.0, 7.0, 7.0, 7.0, 7.0, 6.0, 6.0, 6.0, 6.0, 4.0, 4.0, 0.0, 2.0, 8.0, 8.0, 8.0, 8.0, 8.0, 8.0, 8.0, 8.0], [4.0, 3.0, 5.0, 4.0, 2.0, 6.0, 6.0, 5.0, 5.0, 3.0, 1.0, 7.0, 7.0, 7.0, 7.0, 6.0, 6.0, 6.0, 6.0, 4.0, 4.0, 2.0, 0.0, 8.0, 8.0, 8.0, 8.0, 8.0, 8.0, 8.0, 8.0], [4.0, 5.0, 3.0, 6.0, 6.0, 2.0, 4.0, 7.0, 7.0, 7.0, 7.0, 1.0, 3.0, 5.0, 5.0, 8.0, 8.0, 8.0, 8.0, 8.0, 8.0, 8.0, 8.0, 0.0, 2.0, 4.0, 4.0, 6.0, 6.0, 6.0, 6.0], [4.0, 5.0, 3.0, 6.0, 6.0, 2.0, 4.0, 7.0, 7.0, 7.0, 7.0, 1.0, 3.0, 5.0, 5.0, 8.0, 8.0, 8.0, 8.0, 8.0, 8.0, 8.0, 8.0, 2.0, 0.0, 4.0, 4.0, 6.0, 6.0, 6.0, 6.0], [4.0, 5.0, 3.0, 6.0, 6.0, 2.0, 4.0, 7.0, 7.0, 7.0, 7.0, 3.0, 1.0, 5.0, 5.0, 8.0, 8.0, 8.0, 8.0, 8.0, 8.0, 8.0, 8.0, 4.0, 4.0, 0.0, 2.0, 6.0, 6.0, 6.0, 6.0], [4.0, 5.0, 3.0, 6.0, 6.0, 2.0, 4.0, 7.0, 7.0, 7.0, 7.0, 3.0, 1.0, 5.0, 5.0, 8.0, 8.0, 8.0, 8.0, 8.0, 8.0, 8.0, 8.0, 4.0, 4.0, 2.0, 0.0, 6.0, 6.0, 6.0, 6.0], [4.0, 5.0, 3.0, 6.0, 6.0, 4.0, 2.0, 7.0, 7.0, 7.0, 7.0, 5.0, 5.0, 1.0, 3.0, 8.0, 8.0, 8.0, 8.0, 8.0, 8.0, 8.0, 8.0, 6.0, 6.0, 6.0, 6.0, 0.0, 2.0, 4.0, 4.0], [4.0, 5.0, 3.0, 6.0, 6.0, 4.0, 2.0, 7.0, 7.0, 7.0, 7.0, 5.0, 5.0, 1.0, 3.0, 8.0, 8.0, 8.0, 8.0, 8.0, 8.0, 8.0, 8.0, 6.0, 6.0, 6.0, 6.0, 2.0, 0.0, 4.0, 4.0], [4.0, 5.0, 3.0, 6.0, 6.0, 4.0, 2.0, 7.0, 7.0, 7.0, 7.0, 5.0, 5.0, 3.0, 1.0, 8.0, 8.0, 8.0, 8.0, 8.0, 8.0, 8.0, 8.0, 6.0, 6.0, 6.0, 6.0, 4.0, 4.0, 0.0, 2.0], [4.0, 5.0, 3.0, 6.0, 6.0, 4.0, 2.0, 7.0, 7.0, 7.0, 7.0, 5.0, 5.0, 3.0, 1.0, 8.0, 8.0, 8.0, 8.0, 8.0, 8.0, 8.0, 8.0, 6.0, 6.0, 6.0, 6.0, 4.0, 4.0, 2.0, 0.0]], "euclideanDistance": [[0.0, 249.05145544832442, 337.14209231690967, 77.03225799957652, 245.15548113859757, 381.0747009631482, 418.9059626534348, 325.4465359927535, 172.00070267973985, 305.1096670076733, 204.03293497346178, 165.75863040101387, 283.87936759789216, 191.224172416031, 126.88280311608175, 234.84889296168984, 37.896448215106616, 346.0384957372776, 156.3408826991636, 229.17372818233383, 236.4038559892966, 245.12864610521655, 297.27483950099816, 245.21302164242525, 100.35211898967374, 92.87796090107481, 31.682888321746365, 183.859291052278, 317.969002810799, 313.2221090971328, 353.62552459136185], [249.05145544832442, 0.0, 97.47082979452696, 229.34539857302107, 92.36128407012127, 136.0559612436293, 263.9699494893568, 181.21389379865326, 77.07681484784581, 218.63294423199716, 282.75480215869067, 218.27895919135577, 427.9286980335077, 356.4336621368725, 207.58737077923212, 261.51905595912234, 245.11349427119345, 126.95567150868749, 92.71827660944693, 69.05444023537473, 88.32245615017307, 375.2808040434702, 218.72785233690334, 397.22212654082864, 302.7359399186877, 256.43094021232895, 217.9780787025724, 70.00222595591822, 159.75299431517618, 370.03358183512825, 148.82663696779096], [337.14209231690967, 97.47082979452696, 0.0, 303.61885564637436, 113.46117523691117, 99.87156257531394, 200.52215207338497, 145.5006395280784, 168.27918096507494, 205.10108187418507, 322.9930823662093, 266.89155914553356, 471.3648320552604, 413.1299668619527, 305.05179986312703, 287.7323424515927, 327.04709685330704, 47.21738714042683, 184.05255007895684, 158.74936331297152, 118.0047063697088, 418.7810126663247, 209.47761428323176, 445.88613273919026, 375.4803403842251, 326.7858188358834, 305.4865268479919, 166.64219523728363, 123.18233730868195, 388.18447602295316, 75.78536353923238], [77.03225799957652, 229.34539857302107, 303.61885564637436, 0.0, 198.1676064182545, 365.39731011575617, 354.25029297814234, 264.0617428833534, 157.08184763005912, 235.0257060898213, 128.908314494726, 89.75118144919425, 230.52024431094, 142.335675354102, 180.56671037068656, 157.83587953172983, 41.081576012429394, 302.7617636221506, 144.45530235898786, 231.79894395900794, 190.6804228072541, 184.77650604247978, 226.5702106925103, 193.29250203921248, 73.39438508539111, 30.252514753073452, 64.80479653726914, 177.66896226512202, 260.33478862171967, 239.6657016773017, 305.0141737582732], [245.15548113859757, 92.36128407012127, 113.46117523691117, 198.1676064182545, 0.0, 199.49789426372283, 192.6766903521674, 99.73672301742427, 104.57837753403152, 126.72041063355583, 210.5522352467232, 153.4469190215343, 358.96661092299814, 299.82150548625833, 251.23110218234473, 179.3939087333204, 227.44991859788016, 104.65913773518801, 115.78086437892614, 152.9635068502414, 9.330213618497014, 306.19919801539356, 126.44174779928652, 332.66263481912586, 267.3233274899012, 218.24356450545312, 214.1402939528526, 120.72102481024609, 82.92579427540441, 285.02224207881795, 108.58428753061075], [381.0747009631482, 136.0559612436293, 99.87156257531394, 365.39731011575617, 199.49789426372283, 0.0, 292.5501906598808, 245.35065889291732, 211.18702769687468, 304.2779872906172, 408.53089342697274, 347.30240239746615, 556.3518715635416, 489.7898652009921, 315.34073804078855, 378.79221870896225, 380.1801164059639, 143.89940443172594, 226.07341891265233, 160.05957788619637, 200.96041561772125, 503.4516870195271, 308.1856261878379, 527.8306535094669, 438.78967422490734, 392.2973283025933, 350.8358731474382, 197.24299181199999, 223.04829523540815, 482.88075800408905, 171.5628834037939], [418.9059626534348, 263.9699494893568, 200.52215207338497, 354.25029297814234, 192.6766903521674, 292.5501906598808, 0.0, 95.31880928819973, 297.21430795589185, 125.85152987889974, 293.71855179255795, 274.23114450438874, 418.8978144157221, 399.6137691854321, 443.5742366630179, 241.60407789828773, 392.1509477364275, 153.3525237556617, 308.2926357641121, 332.8099442972171, 201.73607274850778, 374.5799727379555, 135.50140438942734, 408.7183434409578, 407.46393573899223, 362.6399522654838, 390.6592347983726, 311.69986368440533, 109.77959456935469, 296.64239710857316, 124.8880516275251], [325.4465359927535, 181.21389379865326, 145.5006395280784, 264.0617428833534, 99.73672301742427, 245.35065889291732, 95.31880928819973, 0.0, 203.95902759601356, 66.49104249736773, 224.41248267983207, 190.81970499241285, 364.40129621663766, 328.3669670987136, 349.0658569779422, 176.51476581509107, 300.42861292871254, 104.191916161334, 214.21822498615188, 247.94664577422736, 108.39112164364833, 315.0580086673541, 73.92585554254934, 347.10321923936505, 322.5811838747604, 275.6606382855637, 296.54691766307775, 220.35544337804555, 22.990628743548427, 259.48679780498696, 81.77313730765981], [172.00070267973985, 77.07681484784581, 168.27918096507494, 157.08184763005912, 104.57837753403152, 211.18702769687468, 297.21430795589185, 203.95902759601356, 0.0, 218.7317283531397, 232.7697834581535, 166.36786112621118, 370.46021844566445, 291.87576148453513, 147.7888951865496, 224.35328121454833, 168.99855291369735, 186.04016672292394, 15.871121805325819, 80.63472980381312, 95.65176277464062, 319.05163872579857, 215.44676758052745, 336.95351325252204, 229.8901520062334, 185.8001474196823, 140.9027153393152, 25.797965585670845, 187.43539553319093, 332.61395391280655, 200.80767913809697], [305.1096670076733, 218.63294423199716, 205.10108187418507, 235.0257060898213, 126.72041063355583, 304.2779872906172, 125.85152987889974, 66.49104249736773, 218.7317283531397, 0.0, 168.78507682805062, 150.41103393832628, 302.0069990444311, 274.62987970942874, 352.86383782719327, 117.53384769860313, 274.7601554495201, 167.97299954214262, 224.89173650707457, 278.9068736810796, 132.38411985185715, 254.3905946476168, 9.692734818411653, 287.58039547741254, 283.14652196880104, 239.95417888496667, 279.5945331376731, 240.17171205722866, 84.46592653863763, 193.11294579765197, 147.7109246332583], [204.03293497346178, 282.75480215869067, 322.9930823662093, 128.908314494726, 210.5522352467232, 408.53089342697274, 293.71855179255795, 224.41248267983207, 232.7697834581535, 168.78507682805062, 0.0, 66.41525282067077, 148.43649505866753, 105.91408398373423, 304.8591879613524, 52.55532958532785, 166.2075633475154, 302.9423501604455, 227.0831334270387, 313.2130400812912, 207.92633811969324, 95.7901362626502, 159.1121020087998, 124.48481967667804, 137.0700039549509, 112.57116825656603, 193.31964284836965, 258.33366771225576, 232.32002323240644, 111.33649786006569, 293.08105509959546], [165.75863040101387, 218.27895919135577, 266.89155914553356, 89.75118144919425, 153.4469190215343, 347.30240239746615, 274.23114450438874, 190.81970499241285, 166.36786112621118, 150.41103393832628, 66.41525282067077, 0.0, 209.78739217569506, 146.6061340387007, 248.86158482895786, 71.92795124478187, 130.83161946157998, 252.98560360871065, 160.97838411829227, 246.79834253379764, 149.23600029459533, 157.0393139336139, 141.31456800405346, 180.56288062491976, 133.23571056228198, 89.76993145007489, 146.93947918785494, 191.96158061915287, 192.7844403747765, 171.00557052559722, 247.7885212424745], [283.87936759789216, 427.9286980335077, 471.3648320552604, 230.52024431094, 358.96661092299814, 556.3518715635416, 418.8978144157221, 364.40129621663766, 370.46021844566445, 302.0069990444311, 148.43649505866753, 209.78739217569506, 0.0, 92.70306422439485, 406.9051216388401, 188.58816446539743, 250.69390830591541, 449.89871345563785, 361.90309555203396, 450.7007876000341, 356.1780015857926, 52.900196394372195, 292.93100163868485, 38.69314531844477, 184.4856654073141, 201.4306473950459, 288.9824368656721, 394.9454037780406, 375.49752334713145, 133.37823783068401, 438.1295246096823], [191.224172416031, 356.4336621368725, 413.1299668619527, 142.335675354102, 299.82150548625833, 489.7898652009921, 399.6137691854321, 328.3669670987136, 291.87576148453513, 274.62987970942874, 105.91408398373423, 146.6061340387007, 92.70306422439485, 0.0, 315.0323583122937, 158.12779937761744, 158.65251048948323, 399.2509172149779, 281.4513164111823, 370.4000124560707, 295.18213933111736, 62.84953770076222, 264.946963860083, 54.012161132089034, 91.89082921411737, 112.28090056849278, 197.52832429242804, 314.974175138977, 334.32975583951, 164.15811635733314, 392.5911035252773], [126.88280311608175, 207.58737077923212, 305.05179986312703, 180.56671037068656, 251.23110218234473, 315.34073804078855, 443.5742366630179, 349.0658569779422, 147.7888951865496, 352.86383782719327, 304.8591879613524, 248.86158482895786, 406.9051216388401, 315.0323583122937, 0.0, 320.2460516984157, 156.3804275490576, 330.5403616297075, 135.46249454762844, 156.03838500275154, 242.03895774946727, 364.1918345363122, 347.5604499431253, 368.55064848324014, 226.26985563282514, 207.00113864785942, 118.08136418796403, 140.01666112163412, 334.0507241374313, 416.019576241881, 347.5587244273744], [234.84889296168984, 261.51905595912234, 287.7323424515927, 157.83587953172983, 179.3939087333204, 378.79221870896225, 241.60407789828773, 176.51476581509107, 224.35328121454833, 117.53384769860313, 52.55532958532785, 71.92795124478187, 188.58816446539743, 158.12779937761744, 320.2460516984157, 0.0, 198.35307168321316, 262.54187664016314, 222.20394443831194, 302.1933499759116, 178.81164575455813, 138.5554674896045, 107.95136016250274, 170.78701823709213, 182.99526322936896, 149.76035303129, 218.14161607504656, 250.0668472053507, 186.91518275073494, 109.12616727939532, 249.67637612473192], [37.896448215106616, 245.11349427119345, 327.04709685330704, 41.081576012429394, 227.44991859788016, 380.1801164059639, 392.1509477364275, 300.42861292871254, 168.99855291369735, 274.7601554495201, 166.2075633475154, 130.83161946157998, 250.69390830591541, 158.65251048948323, 156.3804275490576, 198.35307168321316, 0.0, 330.9568767728996, 154.3571778596633, 235.8994713549905, 219.2586791417327, 209.6959033737655, 266.501900682343, 212.24406415196805, 71.78463344814686, 55.15697693363804, 39.81856181618997, 185.45125461788916, 295.0434317439509, 275.34614375887713, 335.75671172069025], [346.0384957372776, 126.95567150868749, 47.21738714042683, 302.7617636221506, 104.65913773518801, 143.89940443172594, 153.3525237556617, 104.191916161334, 186.04016672292394, 167.97299954214262, 302.9423501604455, 252.98560360871065, 449.89871345563785, 399.2509172149779, 330.5403616297075, 262.54187664016314, 330.9568767728996, 0.0, 200.9506144676893, 194.13393259962916, 112.12887162889092, 398.12694034988675, 173.66763335563735, 427.30985110973853, 371.8318636429068, 322.7518393094735, 314.5172705386077, 190.54578069106606, 83.5956137985145, 357.2446160205265, 28.574906156588227], [156.3408826991636, 92.71827660944693, 184.05255007895684, 144.45530235898786, 115.78086437892614, 226.07341891265233, 308.2926357641121, 214.21822498615188, 15.871121805325819, 224.89173650707457, 227.0831334270387, 160.97838411829227, 361.90309555203396, 281.4513164111823, 135.46249454762844, 222.20394443831194, 154.3571778596633, 200.9506144676893, 0.0, 89.06331376052437, 106.61397157806323, 311.03230611844117, 221.00308805489175, 327.69173039767736, 216.7055795351604, 173.69584249250974, 125.36874836394193, 33.542589872546635, 198.6517401575487, 329.49592153556523, 214.93622421290604], [229.17372818233383, 69.05444023537473, 158.74936331297152, 231.79894395900794, 152.9635068502414, 160.05957788619637, 332.8099442972171, 247.94664577422736, 80.63472980381312, 278.9068736810796, 313.2130400812912, 246.79834253379764, 450.7007876000341, 370.4000124560707, 156.03838500275154, 302.1933499759116, 235.8994713549905, 194.13393259962916, 89.06331376052437, 0.0, 146.59945923016383, 399.5155872979125, 277.6340531025053, 416.71520563286373, 302.48676776315904, 261.5705397319373, 201.29774295489457, 55.76028779628964, 227.2215736481576, 411.10735469487497, 217.30693576690504], [236.4038559892966, 88.32245615017307, 118.0047063697088, 190.6804228072541, 9.330213618497014, 200.96041561772125, 201.73607274850778, 108.39112164364833, 95.65176277464062, 132.38411985185715, 207.92633811969324, 149.23600029459533, 356.1780015857926, 295.18213933111736, 242.03895774946727, 178.81164575455813, 219.2586791417327, 112.12887162889092, 106.61397157806323, 146.59945923016383, 0.0, 303.32885126803234, 131.5348488925728, 329.15811753947764, 260.45809990525845, 211.4087429835718, 205.30201572983646, 112.44265589906325, 92.03984965592363, 285.4810868088031, 117.22597942090702], [245.12864610521655, 375.2808040434702, 418.7810126663247, 184.77650604247978, 306.19919801539356, 503.4516870195271, 374.5799727379555, 315.0580086673541, 319.05163872579857, 254.3905946476168, 95.7901362626502, 157.0393139336139, 52.900196394372195, 62.84953770076222, 364.1918345363122, 138.5554674896045, 209.6959033737655, 398.12694034988675, 311.03230611844117, 399.5155872979125, 303.32885126803234, 0.0, 245.06213899972008, 34.803888552471136, 149.882662269119, 157.1949678991652, 246.2326797045533, 343.8177369258973, 325.1101967852606, 107.90552513280151, 387.1417836522854], [297.27483950099816, 218.72785233690334, 209.47761428323176, 226.5702106925103, 126.44174779928652, 308.1856261878379, 135.50140438942734, 73.92585554254934, 215.44676758052745, 9.692734818411653, 159.1121020087998, 141.31456800405346, 292.93100163868485, 264.946963860083, 347.5604499431253, 107.95136016250274, 266.501900682343, 173.66763335563735, 221.00308805489175, 277.6340531025053, 131.5348488925728, 245.06213899972008, 0.0, 278.1541393388035, 273.8594228267952, 230.96176309537603, 272.1536760192195, 237.44977870430478, 90.56774250728228, 185.63365474166613, 154.36336717769612], [245.21302164242525, 397.22212654082864, 445.88613273919026, 193.29250203921248, 332.66263481912586, 527.8306535094669, 408.7183434409578, 347.10321923936505, 336.95351325252204, 287.58039547741254, 124.48481967667804, 180.56288062491976, 38.69314531844477, 54.012161132089034, 368.55064848324014, 170.78701823709213, 212.24406415196805, 427.30985110973853, 327.69173039767736, 416.71520563286373, 329.15811753947764, 34.803888552471136, 278.1541393388035, 0.0, 145.8089115810575, 163.82283061532164, 250.75009690175594, 360.984405357263, 356.2480598181938, 140.0257875244912, 417.50123859626297], [100.35211898967374, 302.7359399186877, 375.4803403842251, 73.39438508539111, 267.3233274899012, 438.78967422490734, 407.46393573899223, 322.5811838747604, 229.8901520062334, 283.14652196880104, 137.0700039549509, 133.23571056228198, 184.4856654073141, 91.89082921411737, 226.26985563282514, 182.99526322936896, 71.78463344814686, 371.8318636429068, 216.7055795351604, 302.48676776315904, 260.45809990525845, 149.882662269119, 273.8594228267952, 145.8089115810575, 0.0, 49.082206752440634, 111.58468816286486, 249.49191543649025, 322.1586574952919, 233.71807087270543, 371.7283428704535], [92.87796090107481, 256.43094021232895, 326.7858188358834, 30.252514753073452, 218.24356450545312, 392.2973283025933, 362.6399522654838, 275.6606382855637, 185.8001474196823, 239.95417888496667, 112.57116825656603, 89.76993145007489, 201.4306473950459, 112.28090056849278, 207.00113864785942, 149.76035303129, 55.15697693363804, 322.7518393094735, 173.69584249250974, 261.5705397319373, 211.4087429835718, 157.1949678991652, 230.96176309537603, 163.82283061532164, 49.082206752440634, 0.0, 89.15759807951225, 207.0789297079328, 274.2670536329585, 220.46779445550493, 322.8534291163621], [31.682888321746365, 217.9780787025724, 305.4865268479919, 64.80479653726914, 214.1402939528526, 350.8358731474382, 390.6592347983726, 296.54691766307775, 140.9027153393152, 279.5945331376731, 193.31964284836965, 146.93947918785494, 288.9824368656721, 197.52832429242804, 118.08136418796403, 218.14161607504656, 39.81856181618997, 314.5172705386077, 125.36874836394193, 201.29774295489457, 205.30201572983646, 246.2326797045533, 272.1536760192195, 250.75009690175594, 111.58468816286486, 89.15759807951225, 0.0, 153.90893856243707, 288.22736596057297, 304.34344621347003, 322.474388096945], [183.859291052278, 70.00222595591822, 166.64219523728363, 177.66896226512202, 120.72102481024609, 197.24299181199999, 311.69986368440533, 220.35544337804555, 25.797965585670845, 240.17171205722866, 258.33366771225576, 191.96158061915287, 394.9454037780406, 314.974175138977, 140.01666112163412, 250.0668472053507, 185.45125461788916, 190.54578069106606, 33.542589872546635, 55.76028779628964, 112.44265589906325, 343.8177369258973, 237.44977870430478, 360.984405357263, 249.49191543649025, 207.0789297079328, 153.90893856243707, 0.0, 202.3041105725613, 358.3970764112437, 208.31358881484906], [317.969002810799, 159.75299431517618, 123.18233730868195, 260.33478862171967, 82.92579427540441, 223.04829523540815, 109.77959456935469, 22.990628743548427, 187.43539553319093, 84.46592653863763, 232.32002323240644, 192.7844403747765, 375.49752334713145, 334.32975583951, 334.0507241374313, 186.91518275073494, 295.0434317439509, 83.5956137985145, 198.6517401575487, 227.2215736481576, 92.03984965592363, 325.1101967852606, 90.56774250728228, 356.2480598181938, 322.1586574952919, 274.2670536329585, 288.22736596057297, 202.3041105725613, 0.0, 275.59051149855156, 64.14148263104894], [313.2221090971328, 370.03358183512825, 388.18447602295316, 239.6657016773017, 285.02224207881795, 482.88075800408905, 296.64239710857316, 259.48679780498696, 332.61395391280655, 193.11294579765197, 111.33649786006569, 171.00557052559722, 133.378